tnurx 1115555611.

1116ιὶ16610οΛ ” ’2023 = ’ 1165116117878. 124, pulsis 51, 14. 75, 6,
1165156522· , Ptolemae 132, 1.-135,“ 2830512 136, 21. 175,1. 193,
1665115151511197,17’ 22. 1425, 16.158,20 pueritiam 97, 20. 117, 25. 281, 6
prosper& 88, 31. 157, Ptolemaeum 148,-22. 20.187,4 pulso 75, 4. 134, 17.
10291, 5. Ι306, 15 204,18136,4.212,2 puero 9, 9. 41,8. 46, 2 154, 2, 201, 19. 234,
prosperos 178, 14. ‚Ptol'smaeos 122, 24. puerorum 9, 7. 88, 16. “ 8. 295, 19. 314. 6
1116515166656561231 130,10.136,4.137, 159, 3, 179. 21 1111155589,21.270,6
prospicienda 237, 11 Ι10,145,11,12,146,1165155 43, 8. 60, 22. pulsum 262, 5. 307,12
prospiciens 48,,1. 86,Ι 19 « 137, 1. 185,12 1161511530, 17. 133, 23.
7.317,2 . pubescunt puerum 6,3.8,19.22, 184,10.259,11.307,
prosternerent 191,27 pubertatis 91, 7. 187, 25. 9, 1. 85, 25. 104, 7
prosituit 68.7 ’ 6.196,5.264,14 11.130,1.279,19,2511611ἐι·5111 183,3
prostituerent 183, 26 11611ῑί65661. 536221, pugione 208,5 - putrentium
prostratam 119, 15 25. occ. 281, 9 116116166133,17.224,1)611“615115178,10.202,
prostrato 1⁵⁹⁵ publicae gen.82, 15. 1. 255, 8. 5511149, 14
hierarchicum 155, 11. 17615 15. 5555· 565551151,11.555,11
111515165279, 9 Ι publicam 60, 25, 27. pugnis 25,’ 5. 10. 36, punico 164, 2. 169,15.
11161561616111202, 10 174, 422319. 239, 10, 11, 16· 64, 22. 239, 16. 302, 12.
protegensosnts. 10 721 511, 15
provincis dai. 132, 5. publicanorum 286, 25 pugnarn 13, 5. 30. 26. 9611156111254232438
phu. 14⁵,6 14319. publicaret 12,16 33, 16. 35, 13. 47, pupilli gen. 75, 21. 78,
31229611221259ῗι1644444116401585 ’1111214121 15, 17. 155, ii. 21252, 276, {giiii
17155155111118228132,1166651434.113,14. 15 115,11 4
3. 324, 1632814 15317. 160, 15 pugnando 45, 24. 247, pupillo 224, 12. 261,
11165111ᾳί11661214,“-111611Ιί515.62,25.82,25. ·7 10. 267, 4, 283, 11 ’
.prorincics130‚14. 1841324313 161615130023 116111061661220,5
131,29, 135, 24 · 16505573515185, pugnantes 215,8 pupillum 261, 5, 6
provinciis211, 18,Ι 29. 222, 12. rubet. pugnantibus 10, 12, 116161161Ιό08 t
provisuros. 15 · 155, 5, 11. 551, 11 1517515 purgandarum. 15 l
provocant 47, 16 1166Ῑί66575, 15 pugnantium 207, 19 purificat094,24
provocationem 1166116661550512910. pugnare 34, 19. 107, purpura 170, 27. 171,
provocat 170‚⁵ · 30, 1. 156, 20. 222, 20.'108‚6.179‚2 2, 8. 222, 29
“ 1116165515111967 28.272,13.501.73,1)6111117561153,4 purpuram 7,9 1
. provocatorem 94, 25 18214,15.322,14116151555111252,1 1161116151156, 21 1
, provocatores2003s ,pudebatllz 18 pugnatum 173, 8. est purpuream 114, 15
prosecutum ⁵8, 12 pudet 142, 8 31, 2. 40,·6. 179, 3, putabant 20, 1. 32, 26. ’
1661665365146.24.1)66’111611“6ο288,“7 5665166914 137, 20
2623 , · pudibundum 111115 pugnatur-unffi¹ 19 115665115317
11161651111179, 19 . 11671ἰοὶ11194, 14. cll. pugnavit 200, 63041 1151511150, 5. 88, 30
11151565111222,7 46312. pulcherrimis 82, 16 1161515834
provolutaephir..104,lpudicit1230,l5,184,5 pulchro 101, 20 putare vitent 320, 20
1111161213, 15, 289, 17 pudicitiam 2119, 14. pulchrior 142, 24 putarent 88, 25. 164,
proximonum. senso, 17922.180,1.252,511616111167161,8 · 23.107,20 178, 22
7. 175, 15. abl. 209, pudore 53, 12. 85, 28. pulchritudine 187‚‚5 putares 31, 4. 100, 14.
27. acc. 175,6 185,15.223,5.302,11615111116016516 12, 129,13
111511556111520435 332618 14 104, 10. 117, 1411615151 310, 10
proximas 286, 21 ’ 1166511524,16,’156,111156111661111512.1711611169.183,4
proximi 130, 15 ” 14. 248, 14 87, 24 10117114,11615151511284,21
proximis 5, 6. 85, 22 puellaegen. 30‚9 17. 136, 26. 207,11615111141,9
1081.290,15.321,’61111511151 317,1 22. 216, 9. 231,18. puteos 104, 20. 123, 7
1116511561114912109, puer 6, 8.·8, 27· 9, 5. 279, 20 · 11615550,16.301,6
7· 165,9,178,7 127, 24. 130, 3, 17 pulchritudo 129, 15. 1111151195, 1. 28³‚fi
proximus 323. 115. 11651111110.59,9.11515. 200, 7. 269, 13 i Pydnam 144, 2,6
22 300, 11 287,13 pulchrius 153, 18 ιΡ11161511511167,8,16.
prudentior 92, 31 puerilis 289, 14 pulmento 43, 10 16815
Prusiam 252, 7, 16 pueris 115, 9.137,‹l.pulsa 10, 17, 221, 2. pygmalione 16132
11651452529118261, 15211226, 3. 3179 tlh17.luerat92,8Pygmalion 167, 3
11. 5515 puer-ius aot. ot, 11.1116115,1.75,11.11511515515
Ptolemaei 1461, 22. 1271 25. 226, · 3. 1112002210, 11.Ρ1’1551169,26
1539415219. nolu 11512 ·16ε1151113,12 21156611513241033

 

