mnnx' 66666666.

. 1903 6616104. 25. 1922. uui 130, 20 23. 255, 15. 279, 1.
vocatum 24025 20517 ', ¹ 666619,17.21,16.26, 316, 3. 3202
vocatur 66,10 votis 178, 15,17. 205, 13. 42, 28. 66, 19. utrorumque 83, 21
vocatus 171, 7. 315, 8 2, 211, 19 136,15“137,6.159, utros potius dignetur
vocaverant 287, 19 νοιο26,6.41,6.33,9. 19.179,17.190,7. aestima1,Phieippm, *
6066666661196, 17 88,11,178,15.183, 320, 17. 326, 17. 84, 25 w
vocavit 75, 4. 104, 11. 26, 30. 184, 2, 17 cultiorem 329, 11 utrosque 84, 18
120,10149,8 voverant 183, 25 usui-pant90,5 · 6166658. 17. 100, 9.
voce 30, 15. 63, 15. voverunt 178, 16 usurpat 14023 206, 5. 283, 10
102, 14. 109, 9. vovisse 88‚8 usuri plur. 139, 17 utrumque 32. 3. 38, 8,
, 127, 5, 8,9 vovissent 178, 16 usurus 97, 24 64, 23, 67, 16
vocem 73, 6. 311, 6, 8 vox 6, 3 usus 198, 20, 212, 14. utuntur 21, 12, 18
urantur 21, 17 violenti1s oraculo vu'lgi 127, 7. 130, 25
urbanae gen. 237,4 202, 5. cutm, 1.vu1ga³01‚16 e .
’ , 3. 63, 23. urbano 73, 19 276, 10. suerat 278, vulgus 96, 13.· 98, 26.
207,27.236, urbanum 237, 15 15 129, 1. 206 6222,
urbe 29, 2635, 22. usus 21, 1620. 301,8 30, 299, 6, 1. 300,
’ antem 144, 20 52, 17. 62, 15. 68, utebatur 156, 23 17 ’“ ἰ
“ ratione 174, 20 7, 29. 78, 3. 98, 19 utendum occasione νιιὶιιειιαοε, 17, 25. 30,
voci tus essetl93, urbem 18, 1. 27, 3. 12837 ’ 2117, ,1206
17 · 39,’1. 43, 11. 51, 66660167 vulnerato 203
Ἷοοῖιίι 322, 17 ¹ ‚ 15. 53, 14, 19. 57, utero 12⁵,115 ’ vulneram 93, 4. 97,
volea 3,16.108,7Χ 13. 60, 19, 21. 61, uteros 10, 20 9
νοῐοὶῼό, 7 ’ 16. 20 uterque 93, 1. 103,13. vulneratur 64, 22. 71,

vole 3.11’ 'urbes acc. 12, 5,63,7 230,1,15.304,13 13.72,13.103,14

6016611665 2207 82, 13. 85, 6. 37, 9. uterum 114, 11 vulneratus 15, 2. 127
volema. 113, 8. 116, 15 utiverb.43,6.130‚8. 11. 306, 1064321

volu& 129,6. 0,21 urbi 6, 26, 10. 34, uticonjuntiq,109. 122, 23. est, 88, 13, ι
vol 130, 535, 61,10 19.219,6 163. 6, fuerat 122,
νωιῑῆωὸ, 293Μ616166ικ174, 118666γ 167,1 15

u

. 96,11 6221, 5, 3. uticensium 169,1 vulnera 143, 15
vol 3,15.1 29. 238, 10. 23 utilis 1445 vulnere ,21. 88, 25. ι.
’11 4..1 15. urbis 17, 11. 26, 7. 666616 92, 24 122, ,16,21.134,

1 .. . 18 23, 53, 11. 62, 4, 5. 62, 6666186241, 24 13 1 “
202, ,256 ,326 13.71‚19.74,10.uti1itatislo9.24 'vulnerib' 34,23.89,¹
19 87,7.98,2.101,106116662120 ,. 3. 10, 81205. '
-volumine 38, κ 19 utique-alsa· ,. 138,2

volunt 147,11.302,16 urbium 84, 8, 15 35, utitur 25611 ι’ vulneris 99,6. 112, 16.
6ο166161613,23,275, 19. 86, 6. 93, 4 utramque 32386 · 14817

15 ι 191, 4192, 9. 204, utraque 6151533323, vulnerum 213, 2
νοὶιιιιῐιιιὶιιθθ,7ῌ 29, 30. 205, 16. 6. 6666678 .107, vulnus 13, 20. 811,1
voluntariis 29, 231, 8. 256, 12. 13616611ἕ13 vultu 9,10.167,11.
voluntarium 59 5, 257, 7. 276, 236166168151 2384

voluntas 117,16, 3 286, 19. 299, 15.611·ει613,24ι vultum 102, 21
voluntatem 260 7. 36265162 utr1p1u1.7‚3‚9. ιιι vanus'gm.9,13.„.„.
294, 21 urba 11, 15. 71, 7. 86, 159, 11’ 66220219
νοὶιιριιιιίιι βψ 1398, 25. 112‚17.utrinque¹ 88, 15 111, uxore 8, 20. d 103,
ιιοιιει 245, 119, 3. 157,5 17. 223. 1023416 13. 143, lo 151, 2,
voluptaamldo' 6666661918 utrique dat. 6, 3. 67, 0714102212, ,
voluptate 1621 urgentur 61, 11 15. 92. 30. 93, 7. 276, 27. 287, 9. 294,
voluptatibus 222, 31. urgerent 78, 29 “ 158, 10. plur. 91, 15, 16.’ 314. 14.
303, 21 . urgerentur 3002 302238 maritisanguine (10.
voluptatum 1215 urgereturl44‚7.233,2'u11·isque 29, 2. 34, 16. lata, 066066Ιί, 12,
volutari 127, 15 urgeri 288, 25 123,19.155,6 244, 15

voraginem 49, 20 6666618913 ’ 630013 uxore 5, 12. 231, 9.
vorago 506 usi, fuerant 82‚11.162‚ 66166 10,4 ’ 267, 10, 283, 10¹
voraturum 233, 18 9. sunt 97, 25. 170, utriusque 2,8 190, 292, 14. 295, 15.
vorticibus 50.4 3. domesticisimp'e· 11. 193, 5. 199, 1 307 ι 9

vos 34, 28. 35, 3, 4, 5. riis 2682 . utrobique 177, 18 uxorem 12, 5012,
142, 1, 2, 5, 7, bu, usquam 43, 15 243,8 264, 7295111196,
,9,11,13,14,19 6611968 Ι61ιό666 am. 115, 6, quam propter

9

 

