. · · 151111111111110111111

[111111111414116410 [11111611 223 28 136,1 146, 16
paraverat 155,13. [111115111151123116 111111111111144, 15· parvo 88,4 243,13
293, 25 51111116, 3. 12. 22.]11111111111145 8 [1111111111513
p51·av61·,e154 18 171 22. 39, 7. 83 9. 8111111399, 1,14.303, [1111111111514212
[1114161111111335 92, 33. .,911 26. 95,4 1124509173111011911111510018. “
[11114111 160 7 277, 4 [1111101116 2 9311, 1. 313, 3 parvuli 1662197,
[1111111194 24 121,7 [1111111111111260 11 Parthica· αιειιι. 291,· ·.21 2361
235, 5 Parmenio 111, 6 4511. 2982 parvinus 162,12. 214,
[1111111111 71 1539 ,9911111εηί511 115, 21. 91111ὴί64290, 3. 391, 9274, 19
pa·‚ucendoll99 117, 25. 308, 11 10 » [15111110 149 4. 217, 5.
. [ιιιοιιιᾱιιιιιΙΟΟό 1111111111161161078 Parthici 305, 4 306,’ 8223, 25. 260, 28.
parcere84, 3 224, 10 2511111111511111190, 19. 6 376, 26 327, 10, 14
parcerent 39683153 1141218111 3411111411313, 1 [15111115121119 3
parceret 14 12.244,Ριιι·1111111151111102,15 1111111145 249 3 290, [1111111114 51, 4. 197,
11 Parnasso 305 1111. 7. 3,06 14 309,,4 11. 317,4
parceretur 316 16 [111161111111111215 11 9111115552214303, parvulum 9, 20.· 75,
,11151111 11113 1911 1 141115 11141, 4111, ιι,
, [1415111111. [11111.,3024[11.ι·1611111193, 23. 311, Parthis ·,118 20. 115, 19 275 4. 326, 19
parcimonia 324, 20. 15 , 16, 266. 6, 280, 5.[1ι,ι.ιιιιιι62 5. 78, 17
ubl. 166, 29 [1411010111 203, 8.,278 288, 27. 2905300, Parymas 1164
parc1momae196.7 1311, 18 21 303, 22 pascemibus31, 10 ’
[111111111111111114319 [111111111111121719 ’·11111115111111 108, 2151115111111 133
parcior 107,9 paricidinles394, 1 115, 17. 266, 8.,288 passam 338, 5·
parcus 73, 34 [111151011112753 29. 289, 14 29016. ιιιι 222 20.· 51111 98
[1111411111ολ · [11116ἱο1115,3.,41 18. 291, 2 ’ 17. 61111155, l ¹
ριι·ο11111145,14 85,9.94,16.151,Ρι11·111ο1 19, 5. 132, [1651111614 26, 9. 59,
pamm 39, 3. 68, 2. 4.171,9 1926611289, 21. 6215 84, 26..
. 94, 20..97,24189,[11115161641, 10. 94, 21. 290, 14 143 23 156, 3. 166,
24 277, 9. 14 7.153,9.197,16 [11111159 11 v 5.,308 19 3111,θ ,,
parendi33, 18 215, 2. 217, 3. 333, partibus 159. 12. 239,[1 [1114111111 30, 3
[1111116528317 ’ 1. 230, 2. 286. 4.. ’.12 309, 19, 310, 1 passuras 33 32
[111111 303 3 304,22.111[1111161·324,11 passurum 8813
parentari 93, 7 01511611111111511111-[15111515111125913 [1114015111ιί112,·5
{mentatum 136 30 ιιι ad sceleris [ιιι [111114115133698 4passus 115111 ρίιιζ 31,1
parentatum 131,13 1111611115 [1151511541114111316 [1541111 est 376, 3. 316,
parentavitl60,4. 195, polest 151, 8 partientem, 11 7 1111589,14.91,
13 . [111161410111111 204, 8. [111111111251451452. 8.327,ὶ1.1113207
parentem 138 8 214, 8 ·· 30, 31. 53, 31, 411. passuum 109, 5. 116,
parentes 60, 26. 126, [1411614111 94 23 98, 33, 23 207, 17. 12. 306, 22
34144,10.]111115161114111111111141141,615 ' ⁴ [1111111118,23.“317, 5
244 1119, 9. 92, 10. 93, 2111111115 131, 5 142, 5. [1111511132927
[1414111111115-6, 2097 94,.1 158, 2. 249, 228, 9.245,2 pasl1u*en18,39
61,6.5,.1108,18. 11 [111111111156,28.135,[1111161ϊι9,52415,
1794 [1114201657118. 20.137,1413,..98 5 196, 5. 201, 12.
[1111111111 105 20. 148, 63, 14. 66, 4. 101, 307, 17. 3,09 17 221, 22. 285,,5 3,17
923113 ·· 3111, 4 partiuntur ’316 101
[ιιιε11111111101,18,297, [1111111 acc. 56, 9.141,[1·.ιι·15230,8 · [1111111ιὶ8, 19, 20
1305, 12 ..5 1151. 105,11 310, [1111115 3,20 27 . [11111111111119616
[1511111111 4116 16. 293, 25, 322, 19 [1511111118 39. 129, 31. [1511611119 2, 12
parere7, 13, 14. 51, 6. 11311613, 11. 33, 28 156,16 [11 .ι·511111111’1318, 4
13619, 222, 30 3612.51,14.5311111115.1111,.8,15.ρ...ιειι,1124 17, 20625
4[1ι11·ιιι·1113,2028 357,.4 68, 3. 76, gen. 166, 15 acc. [1114111496 -
pam 16, 13. 42, 9. 7 77, 41118, 261362 - [1111111141 6
1111111114114 um , ,111115111115111,1554541111
1 155. 84 [11111619132010.8.15424214,25511111511132112
paret 9, 22. 1074 15 23 24 27, 4 34¹· 333, 14. 11111180, 10 [1111111601233 16
[14111316221278 20 84, 13 105. 4. [1111154617 [1111115 32, 3, 8. 41. 15.
13. 82, 5, 37. 92, 106,22.140.5 [1110611143 5. 71,.5 4417- 74, 9.91,29
33.146,1825279,[111·11·ι 11, 14 20, 6. 1733 [111118 208, 4. 191,6
25 23, 30. 34, 26. 42, ιιιιιιιιιι 2866 [14111411111151 8, 32, “
[11111ιὸ7, 16 8. 51, 13180, 51 [11110111 39, 6. 5⁵, 4. 70, 22. 154, 9163,

 

