1211211 renuentia.

11. 111, 11. 211. a 2111121, 1211,Ι 1221. 1112. 12.,1111111122, ar. 111,

21211. aeas 12111113 · 211112 15 ,
pateret 37, 7. 164, 10 patrie 2814. 292812111οἰ 60,21. 201119 l'ediculis 113, 8
1121212121 244, 4. 304, 31, 1932, 19. 33, pavidis 298,6 pedites 100, 25. 130,

19 · 22.34,1.38,16.62,11121211111 10,18. 36, 20. 131, 3, 7, 16
paterna au. aaa. 19 1. 2ο, 9. 112, 22112111, 19. 111, 100,

· ,aum 1211111114,6,3ο,19. 192,11.270,8.293, 7.102, 23. 103,14.
patet-tue 91. 18. 94, 35,18.45,3.51,20. 7.298,17 106, 23 .
16. 117, 7. 217, 9. 56, 3. 61, 1. 63, 21. paulisper 182, 8. 216, pedum 149, 21. 2542

, 214, 11, 224, 12. s 12. 22, 11, 21, 22. te petagtsas

’269, 14272, 5. 325, . 89,21.113,13.114,111221ὀ 211122 165, 7. Pelasgi 74, 4

19 ,. -1121111122115,5,10. 30618. 221637,1’2122122133,1
paternarum 96,· 19 12315 · ’16. 58, 20. 60, 8, 22. Pelagou 74, 9
111111122117,10“ 1212222123211643, 81120124 Peliam?
paterni 54, 14. 146, 3 Paulo 112111. 22112212Ρ21122306,24
Ι 14. 139, 6.,264, 1811211111121111 11,14,47, 226,12.256,11 Pelio 136, 26
paternis 121,5 - 24ι ’ 11211122129,26.194,51111122111211314,12
11112111122193.20 patrimoniis 88,2 Ρ11212111 conaulem pellebat 182, 21
paterno 159, 7. 160, patrimonium 32‚1.44, 255,3 pellem 306, 25 .

2.“ 266,1· . 17.99,17.314,2 12101829 pellendos 221,20
paternos 285, 12 ,1121112292 17. auat> paupertas 130, 16 - pellere 85, 24. 277,8
paternum 39, 10 94. patrios 202, 7. 290,6 Pausania 86, 13 263, 9Ι -

4. 151,14. 263, Ι91121112 14, 5. 40, 10. Pausania 92‚3 112111112221,17

273, 4. 278, 5. 279, aaa& 51. 19 64, Pausaniam 39, 24. 91, pellicatum 77,24

, ateana ¹ 10.93,21.94,3,14. 20,30 pellice 273,3.288,11. “
11212121, 1206, 114. . 96, 6, 2097, 2, 15, Pausanias 40, 2. 63, 296,1

306, 12 . ,171045 2769,14.91,5,7,1111111211194,9
pati 8415 1121112111 155,10 ·12.118,2 pellicere 280,7
patiantur 17, 21. 190, patrius 300, 15 pax 25,15.63, 29,71,112111122 15,14 311,12

10 1121122121294,20.151, 6, 83, 21. 188, 11.11111121112293,15. 297,
patibulis ,2325 . 8 218232339281, 2
patibulo 193,9 11211221212248,15, 17 112111221211417 ,
patiebatur 130, 12 Ι11211221212111117,6 112111121214.811222112112222, ¹
patiens 271, 14 patronos 140, 14 4. 327, 28 14. 309, 4. 311, 25
patienter 6,1. 63, 20 patronus 155, 18 pecoris 8, 19. 88, 17 pellunt 269, 16
patientia aba 17, 4.1111121111.·79,14 peeorurn 25, 2. 217,112111111121 36, 18

137, 6. nem. 324, 24 patruis 100, 12 6, 11 Ρε1ο111112173,22
patientiarum, 245121122145,29.115,111122111122 31,4 Peloponenses 46, 16. ¹

13. 124, 2. 194, 4. patruo 162, 7. 272, 9. peculatus 40,7 134, 3 l

' 276,3.277,9 293, 28 peculiare 24311272, 221212222211534213, l
1211111113,Ιὸ , 112111111211211. 12 1 ,ι a l
pararenturaoaa 322, 19 peculiaria 188,7 pervales 85, 14 .
patratasunt 26, 6 patruus 206, 8. 261, 1 pecunia 1161. 42, 21. penatibus 82, 24
1111112818. 32, 4, 17. patuerit ¹⁰i3‘4 53, 6. 68, 2. 81, 5, penatium 72, 22

- 91, 23 92,( 29. 97, 11222148, 12. 159, 23. ’ 8. 83, 1. 102, ’18. 1221222122, 35

3. 98, 21, 100,,12. 165,6v ⁴ 155,16.156,4 “.1121111111111292,3, 10.

199, 19. 114, 13. paueat 24, 7, 28 pecuniae 111111. 43, 12. . ntea ¹
' 123, 25. 137, 2 1122221212 16, 5 11111.7224.73,1.87,112111121ε272, 15
patrem 32, 6. 40, 7112112172, 5. 98, 17. 5.131,21. 172,10.11211112111156,21 1

44, 20. 76,14.77,’ 20216 242,4.251.2281,1111211181,25 Ι t

· 1994,9.105,20;11222121’,17.26,7.34, ,172939 penti 8325121128. 1

152, 6, 10. ,18. manaae, 3. 71,11222111211146,12.106,9 22321. 28218

11221. 11111112111111121. 2.112,11.112,111212221211122, ,
patres 11⁵. ,-, f* 12214 ’. 2222 ’ 4. 2921219, 321, .

11111318,3’,’“ 112221122136, 19 pecunias 13910184, 26. 327, 26 ’
patri -93¹ 1161 91, 27. paucitate 102, 26 pede 45, 19. 67, 9 penetrabilis 49, 5

93, 2. 94, 15. 117, paucitatem 178, 19· pedestre 255,»9 penetrantibus 324, 17

1. 130, 2. 212, 8. paucitati 180, 15 pedestres 103, 16 penetraverat 60, 24

248, 15 1122111211233,16.102, pedestria 52, 15 penetravit 203, 16
patria 11, 12. 11, 12. 25 ,pedestribus 31, ta ,11211112212122
, 57, 14. 58, 11. 62,111212272,15. 92, 51 pedestrium 71111, pensa 211, 7.,11

 

