. anEM5MERssoRMM

61666166 1398 , cursus gen. 148,13. 52322 661·ἱ61,1,16,8,1.76,’
cunei confertissimi 66111. plur'. amnium Cyziceni994 15. 298,’ 10105, 22 106, 111
207 ,130 6611161166166321,9 130,1 ’
66111675,22 . ’7 Cyznceno 995 8, 24 Darii 16, 2234219
cuperet 06, 24 666616614815-016166666 998, 27. 41,10’.38,1361,“0
(3661166612012 custode 169 10 2911229511 24. 77, 11 ..
cup1dae 1675 ¹ custodes 112 19 . · ‘ Dario 17, 618, 136ἰ
0601106611 0· · M, 11
143, 3. 202, 31 27,55 0666117, 3 0611611116, 26. 17. 14,·

661616611918 (6616616625, 2. 30, 66661124, 14 22,10.93,15.99,7; .

cup Ρ1616672, 25 5.13,1.124,10.066125112 102,7 ..
cup1d1tate 4,8798 1:39..27. 153, 7Daedalos119 10 Damus 16 18 18, 2.
202, 26 ,.278,⁵ 293, 210, 24 1161166118, 9 3068 25, 16. 31, 29 32,
18 666166161240,6 Damascena 968, 3, 255, 13. 58 ,.2864, ’
cu3673337m158 n cu8301¹68u893133 18. 11616666 268, 5 (165666608811108,
¹ ‘998³ 00..Ξ.0.11131,,. 88:29237 331 111 233⁵, 33
00110 0 00 1611010640 00 :9 1000
2113313.. ,3310181 ...3⁹3333, 3⁷ 1706191190·
cupiens ·.105 15. 159, 6661661161631216 6666666616651, 11 6666 10311233 9,
12215162181866661661619 , 616116117320315 2749 0 ¹ ¹

817,9 0161666650 19 12 , 66616 109 19 197, 30. ’

6661661666, 2156, Cy (161102, 10 108, 2 6116111616· 133, 10. 66- 2528 ³
27 , . Cygnaeaffl, 20 . «ent 901 . date 1429
,661166613065 cygneus 194 9, 15 6666666685 1116663,16.312,2ο,
6671166133, 21 Lyneg 1¹¹ 312 ' damnatum 557 essent 166 13
6111· 6315 · 0661116412.19,5,186661116161103181,(11616 (1117661 11411.
6666 6611120 20, 57, 06616 168 11 9 ¹ ¹ 12512161, 12
136813. 1291801611661601 · damnaverant 189 16 dato 15, 21 68,.5 78,
16614 191196yp1014514 (16661676528810 4196, 830314
30819 301, 18. 0766661325, 18 975,18 . datos 115 30 ¹
1131161161.57,6.53666166138130322(1661166116.318 661(1τ(181,1.107,·11,
27. 96, 19131, 22 Cyran 136, 21 (16611166661,4527·.47, 184,17 168, 20.· 282,
135,17,26179,8.06161161·6(11 192, 22 22 62896 ’ ¹
197, 9, 324. 23 216, 1,, 529613 damnum 1917 66611·81513,4.,137
curabant 999 17 Cyrenas 9168 (166166491911818 25271435361,
curam 322, 7, 21 0116116136, 7, 10 (16116666 300 24 231314 · ,
6661611464 cyrenem 13615, 26. dantis 10122 (16616611 394 ,-
6616611267 187,9 Danubn 2507 6616166 88 91 ¹
curas. 321, 17 Cyrenis 287, 89¹,88 Daphnae 917 8 (1611616204, 91298,
6610613128. 28818 13 0616108, 99 ,. · 11,14312, 12
6610611122,16 06119, 5. 13, 11, 21 0616111303, 15, datus 222 26· 980, 5.·
6666114923 96, 23 15,15.17,7 9, 65, 0116661226, 6999,9 3221666132713
eurent45,8 4566, 918 066661620412234665 169 28 3228
Curetes 896 16 Cyr'09,25.19‚9.11, 18 deae117, 10,17 295,
661106166279,8 ’ 61111. 19 7 64, 81,061·66116201 14 8322, 5. 17666179,
curis 107, 7 , 91156 10,19.94,8.061661161·(161204,9 27
curru circa Metam 285,12 Dardanos 85, 21. 96666111 117, 18 9687
acto 1232 cyrrh¹aeum 6611166111 9221, 1. 229, 20 323, 2 ' ²'
currum 304 25 2039 ’ 6311621661676116611166666
3111161611,166162666112111366.2661109,616366660616
23. 2794 ’,, 22, 11. 89, 6 59, 1. 122, 5. 139, 11 149, 6666666169, 19. 240,
cursu 31, 2. 102, 9. 6411927918 11. 171, -17 8 -
· 109, 9.144,6 976, Cyrnus), 19. 10, 98 6610611124, 8. 60, 5 6611666624,1.182,14
11, 977,ss , 11, 1, ·.10 125. 13, (16613222 3412 42 6606661611515 ’
cursum 190, 16. 937, 1, 6, 15. 14, 264, 18 33 20 56, 32 debere 19 19. 33, 25. ,
22 = 15. 65, 1, 116, 18. daretur 979 29 Ι 58 22 87, 23 108,

s.

 

