“ 61611 1111161611. v

161166 pulchritudi 85, 1.,51357 166631111116,
, nem duperibat 12, uxorum 10, 21. 23, 29 33,16. 34, 23. 2.’

14 ⁴ 30,,,.,44711115 35,.’,.’,6411272

11611166121, 10. 3 1 Zapaortenon 303, 16 ,
1111. 161, 11 xerx=as‚',3.3⁶713,pyrzo ,61113ιέ

156,9 ν X. · 39, 27. Zopynona22: 12. 276,
1136118624. 161,7. 12 1
269, 13. 2012 11611135, 16. 39, 26 Y. zap> 1161116111, 10 f
¹ uxonbu· 661 79, 13 Xerxem 52,11,19 . . Zopyrum 111 12 ,
1161262, 2 36, 22. 37, 9. 42111661 23 2 Zopyrus 1712 1
11611211, 19. 77 3 10. 77, 11 2616111619.

1
 l ἐξ

ξ
1

 

