1116111 chBoMoM

ne'eotsccffm 61,Μ.,Μτ.,961.· 'cmo Μ, 11. 11661666, 16
ἒξ. procedunt 69, 199,95 . 91.168,95.183,18.661116 199 31
161616 58, 19. 6661161616 60,1 184, 99. 970, 9 977, 661693, 35. 60, 14. 87,
71611106131611 66611611664.174,-9 18 1661116615, 5 10 160, 5 97911.
1111698419 66616164198893.66611[1111 661. 30, 6. 193, 96
6671161610661 101, 16 11719,1’96,9.139, 44, 9611161. 996,3 octodecim 998, 9, 19
61111199,95.134, '1 1. 158, 4. 193, 91. occupatam 991, 19. octog 1116 95 90. 168,
61111161 61165116Μὲ, 16 1111 1111111979,
6111161104, 16 6661511651, 19. 95, 4.666651’111616Μ199,8 989, 94
6111111619, 98, 30. 990, erat 991, 5. 6616166666116689, 91 oculi 10918 p
16 - 116, 10 · 6666061136 10. 6166111118, 15. 61, 17. ,
6111164 101, 94. 91, 6666111111 15 3. 133,3 1161114615 103, 8. 196, 98. ’167,
98 999, 13. 988,1’ 6666111111· 159 occupatis 611. 91, 6. 16937,13(16661·516
obumbratetur8,8 6666116958, 3. 661161- 949, 8. 9899 9859
occasio 183, 93 11691616111111111116666115111619671,9,66111ο1111117,10.183,9
6661116669014983, 66616611610019 9.,075.149,6,176611166 58, 9.59,16.
7,10 , occultaeplur931, 15 159,9 , 61, 3.,109 91. 915,
66611166669,18.115, 6661111111366666198876666611616 989, 5 9. ’9599
31. 111, 13 6666116166,5 ο666061111914,’9 6611161679, 91
6661111998, 3 occultarent 909 97 6666660669, 10. 6111 oderant 179, 8
occidendam 14419 66661191111111939, 3 890, 5. esset 915, 6016 99, 96. ’131, 4
6661116661 1179 6660111116 161 ἒ 15111161617793 6111155, 94. 103,9
occulendum 77 99 occultatum 9797 occupaverant 175, 96411171, 9. 188, 3 913,
7 66616666618,15 6661111664,11,15 989, 17 16. 997, 19
Occldens 1197 131 981564666601115111 34, 761116 84 1. 99, 95. 98,
0661661116 133,17.166,7 137,1.145,15154, 96,115,19
’ 166, 10. 997, 14666111116139 96 3,·9099 ” 661611ι111985β· o
¹r, 99411 666111116937, 9. 996, 9 occu 611616 93, 5 93, odisse 940, 14
06616661661934, 15 occulto 611 43 5. 937, 51, 16. 81, 8. 89, 6. odium 9,17 55, 19.
Ι4106616661111669 934, 18 136, 93 9,8 6117, 93. 137,
f‹17 occumberet 9761 occupaverint 997, 6. 11”
66616611114916965,66611161Μ17810 300, 7 01616111931, 19
5. 978, Merserat occupabat 9196 occupavero 9419 686636111991
974, 8 occupanda 908 98 6661106161111119103 6861161666137 13 149,
occideret 113, 19. Μι- occupandae 71 19 197 occup av1t 50 90. 74, 91
161166161199, 16 30 15.”89,91.’,109 13686114111175
6661661619· 156, 33. occupandam 104 19. 153, 4. 1941 offensa 56151. 611511 ,
194, 93 17716184, 15.66611661969,3 96. 9891116659,
6661651611134, 99 39814· occurrat 167,16 10. 991, 1
66611119, 90. 69, 10. occup 1111616196, 5 occurrebout118,9 offense culm 28, 5
96, 9014614183, occupandum 196, 7 6666116611116114418 905, 91. 949, 3
9119667 · 989. 19 9907 occurrero 909, 306116611111159, 6161,
6661016116 38 9. 91566660111116517 9999 ¹ 9194109017
10. 991, 10 994, 6 6666011637 10159,666611616111300 93 offensi plural. 935, 4
6661111166 589 99. 187, 91. 939, 3. occurreret 999 16. 30510
66616161661987,115 9364 · · 9976 ¹ 6666111189,94963,1
11 ² occuparent 51, 94. 6666111166 907 96 6866166146. 949, ’14
6661611161316,5 146,11 666616111469046661661111191817
6661116156, 17. 167, 9occup aret 941, 94 9 905 14910966116161116111 904, 10
occiditur 134, 8. 13 8, occupamur 131, 93 944, 16 offerentes204, ’18
1. 143’ 91. 159, 966666611909, 39 6661 ment 10 19. 71, 6116166111 28 14
151 4. 158, 99 184, 66611ρὲ1161 17413 93. 88, 90. 108, 15 1111611693, 3
31 6661ρέ116999015966661111111611157, 91 offerrent 909, 8
666114931, 99963 598911. 3941 oceaui1,99 99 19408'14121997, ’10
66611160, ’19. 117, 96661166166111 17, 10. 97 319, 11. 393, 4. 6116111988, 18
90498. 914, 3917, 36, 4 849 101, 3948 ¹ 6116111714 30,19.
9 9.,9786 0666111) 118,17.18,·9 106, 931863
occisio 16, 9 89, 98 occu 6616133, ·15 77, 96. libam’euta 0661161161· 106,10. 317,
135, 9145, 9 156, 19p 91, 21. 101, 901 3111991 13 1
. 13. 9149 91718 91919 06119498 63511661791 139. ;
966116 5, 11. 69, 9966616119999 59 91 0611691, 90 97 . ’ ³

 

