INDEX 1728Βο111101.

2451 010001015013 (1011010320 21323, 104, 22, 143, 11,
1010000014. 103100101011841 4 . 150,21101,7.130,
13,244, 18 11108ιο010 8811 (1011ιο4 21014 15. 304,1 ·”
1038100148, 5 1008100172, 12. diem Gallicam 819, 0 genero 100,1.1,51,13.
1000010315 1724 Gallici 904 5,3,10 12 ετ153, 13. ’3200 1
fugiebant 10, 22 furantium136,s Gallicum 3⁹19, 11 geheruni acc. 91, 4.
,fugiendi 107,13 10101131, 51 (101111000801289, 1 120, 2. 153,4. 107,
ι10310οι10242,8 furentes 3278 (10110000ιί10 2835 3.231,14 ·
«fugiens 911, 5. 219, furentium 279 27 (10110717.180,23.0011011041
24 ’ 10002108 , 203, 3. 207, 4. 210, genitas 23, 22 2
fugientem 1094168 10100 3049 7 genitig ιιι. 38, 30377,
10. 2433 furor 47, 4. 166, 10. (10110110010214, 32 1 plur. 0111018513.
fugientes 81 1.1 53, 205,1 Gallograeciam 210 16 000000321
21, 53 21 3103 furore 11712 (10110810001280, 21 genitis180,8 “,
fugienti 31, 31 furorem 914 37. 222, Gallorum 180, 16. 22. genito 307 11
0010000110, 10. 222501031ιῇ5 004,,7005 9 206, genitos· 00, 0000 40.
10813 2085242 315,1 · 011. · ’ ,5813711 ’,
0244, 20 furtim 101, 5. 300, 4 (1001101204, 13. 205, 3 genitricem 173, 23
fugientium 7415 10111011 dat. 100, 13 207, 10. 210,’ 12. 200110οι3, 31. 119,.19
fugissent958, 19 10110211320317 215, 24 273, ’25
fugisset 1949 1011107, 2. 3103 (10ομ 11801120, 11 genitus 203, 10,, 293, ,
fugitivi 25 12 1001092, 31 (1111101022017 28. erat 199,19. ι
fuisse 81 15. 38, 10. 10000 2825 gwdeant131‚13 275, 2 011275, 17 i
58, 13 82, 10. 113, fusum est 103 33 50001εο0130, 5123, genas), 7 13, 3. 138. ³
18.116,9 10401452οω0307 0 29,14989019'1‘,¹
10101002541055. 11 · gaudentes 168 21 -16.129,17.132,.7
142,14.1799.138,10011000 252 22 audere 99, 81. 174, 105, 8203, 17

14 , 1010101710.315,1. 8 , gente 8, 12. 97,.15. 3

10100142 est 8284 gaudio 70157213 123, 15 10214.
0000001000 000.. ,.,.. ιι, 8. 70, 213, 18 00,· ιι 251, 0310,
1018002701 3150519311 gaudium98,118.1108,18 .
fulgorem 106, 13 1010111040, 0. 44, 14, 10101273, 12 genieni 127, 31180,
fulgure 326,7 80,12,109,17.115, Gedrosi 13219 13. 321,15. 251,4,
fulminantem 2282 2 ’ Gelo 199, 18 277, 13. 280, 2. 283,
fulminibus 35, 9 futuras 278,10 (1010111222, 17 ·.13 304, 7, 29
sultam 320, 29 ,101011 39, 5. 75, 25. 20102087 gentes 20, 7 05, 7.,90
1001011149,10 115, 7 gemina 143, 7. 231, μὴ 9, 84 1082114,
10001101, 14 10101010010510 19 8. 117, 22 118, 6.
functus imperio 24, 1001013212 gemino 100010100οΙ· 119, 21 121,16.
“ 141011101ιο1ιο 7810010088. 1022 001022214. mor· 1233135, 4128,

1 , 48,1. 139, 250010 ιιι vulnere 199 31 8‚8.148,90.164,
fundamenta 75 8 93, 1823 1001101043, 20 24. 175, 8 181, 3.

11, 150, 5. 2231 futurus 07 8. 159,11 gemitus 178 24 208,- 9 223, 9959,
10005000110109,5 ’ gemmei 148, 28 0
100001000071045,(1ι gener 815 9, 899,11. genii 10, 25. 57, 7

8001. 32,9 32316 ’ 113,18.271,1.200,.
fundendo 2723 Gaditani 898 6 genet-290, 43333 23 ··
100101113 vadianos 828 3, 11 generandis 496 geniibiit 4, 8. 0, 3. 7, ’
funditus 2114 1101001010 145,16 generandum 24, 32. 324, 25. 31, 2'4 75,
10000143, 2 Galatiam 277, 7 44, 19 .- 0.,85 19'
fundum 50 8 (101100132515 generare 19, 12. 20, gentis 91, 12. 42, 7
funduntur 09 24 (1011πο10335, 15 17 ” 70, 0. 77, 037, 17.
10001001, 14117. 20 (5011πο0325, 18 1100118100 90,⁰ 0 124, 3 209, 22
1000032212 (101110οι0 320 8 000010100101311, 13 gentium 4, 1. 41, 1.
iuneti 72 25 (10110οι010 3201 genere 44 12. 52, 20 ge68, 7. 78, 29. 84, 7.
10001100515012203, (21111203, 11, 15 204, 70, 3. 149, 19 187, 90, 17

4 17, 23. 207, 0, 13. 3 Ι11000122, 15 ,
1000110317 209, 3. 10, 28 generi 51077, 22 0000000185, 14, 303,
iunci-um 83, 15. 111,(101112 890, 2232373000111107172, 6 12

222214 (1:611ae 125 3. 282, 8. generibus 896 18 genuen-³18, 17
mmmmm, 11 313,4,,32410’ 1100011119Η3101 15ssr gentierit98, 19

ι

 

