16661116661011. .

quatitur, 13 270, 26295, 1. 309, riunt 62, 13. pate· 215'.⁶¹ 14.221,19
quietior 294, 3 5. 32210 ¹ 11112117. serviunt recentia 59, 10
qnietis gen. 231, 966866161111616611616 Ι3269 ’ recentibus 234, 19
237,4 ' 161616666606116-16611161232,2 recentiore 17, 22
quietos 79, 19. 283, 8 611611 5661 rapiuntur 84, 26. 318, recentis 267, 5
quieturam 239, 8 quii 45, 1416161629, 4 recentissimasem. 21, 3
60166116156,29 11. 295, 2. rninus raptant 136, 27. esse recentissime 234, 4
60161316 46, 15. 51, 85, 12. 61611166, 1 28413 receperant 83, 5
11. 178, 2 6υό pro. 61, 8, 29. 48, raptas 16814 receperat 90, 21. 94,
quieverint 283, 8 8. 51, 23. 88, 7. 258, raptu 117, 5. 303,2 9. 307, 10
601611116817 f 5 raptorem 24, 15 receperunt 27, 6. 62,
’ quin 35, 4. 48, 6. 7260011161 81, 7., 166, raptores 82, 9. 251,5 20. 272, 6
9. 282, 6. 284, 1. Α17. 180, 4. 271, 3.166101116111101650,7 recepisse137,5
985, 2. quin 16111 327,8 raptus 1611611612 recepisset 20224218,
281, 17. quodammod0114,2. morte 75,17 12. 220, 3. 287, 11
61116111·616122,29.71, 141,16 ’ 166116111312,6 166661117, 7. 2227,
23. 90, 16, 158, 15, quoddam 140, 1. 184, rapuerint 221, 14 60,19. 102, 22. 104,
162, 11. 178, 19 28 rapuit 108, 8.160,5 17. 119,12. 123, 11.
quingenta¹ 102, 9 quodam 12, 9. 20, 14. rariorem 115, 29 184,12-187,19.211,
quingenti 100, 8. 201, 42, 5. 49, 1. 66, 9111117, 1. 46, 6. 107, 2. 262, 6
13 .· 1 135, 7. 221,7 282141 1666611267,10
quingentis 66, 20 - quosdam 115,28. 126, rata 13, 5. 295, 5 receptaculi 39, 2
’601666616161644 15 23.148,11.183,21,161661111.25,2 receptaculum 24, 93, ,
66166661612233631 188, 14. 282, 21 recipiar. 44. lass, 86,Ἰο ,
601661163161648793,60666116 175, 7 19. 69, 17. 90, 11. receptas 264, 10 ’
22. 94, 2. 129,10 611616661192,7 154, 25. 177, 17 recepti gen. 16, 9, 58,
ι quinque 56, 5. 141,7.6116111116611 61111231116601 erecti sunt 14. 135, 2
159, 17. 188, 14. 18. 317,’10. abi. 27,6 1666616134,15.185,3
207,7 , ,,259,9.277,9 ratio 73,5.92,22,30. 16666ῐο11 plur. 63, 33
quinquennii 232, 1. quotidianas 92, 21 166,14.233,8 16666101065731245,
381,9 y ’6116118166637,19. 75, ratione 22, 12. 82, 5. 20
quinquennium 32, 17. 20 241, 27. 281, 22 receptus 140, 20. 184,
127, 25 quotidie 41, 4. 156, rationem 153,1;3. 173, 36. esset 292, 3
60166611666161212,5 26.179,17.242,1. 12.191,19.241,16recessere 728
quinquies Ι250, 14 249, 5. 287, 19 ratus 15, 21. 35, 16. recessisse scats. 240,
quinto 108, 8. 2146661161 1285 62,22.79,1.86,·9. 5 ,
19. 304, 20. ι11161116 qrrurn 33, 20. 196, 21; 100, 20 recessisset 295, 21 =
«1665 11619. aaa, 11. recantantur recessu 146, 7. 173, 1
· quartodecimanis, aas, ra. aas. 1116111111 52, 15 at. 66117
quique 89, 23 273, 8. 294, 4. 305, rebantur.178,9 . 16616616 19134011.
quis 29, 6. 55, 18. 8. 317, 4. 321, 6.1666111616135,3.96,24 62,17.68,17.233,5
101, 8. 12. 129, 20. 325, 20 - 1666111116 108,9 reciperent 69, 1
Ι171,11.181,·10. - 1666116161612,7 166166161304,21
184, 2. 241, 10, 12. .’ 11. 16661116199,4 ’16616616101-3159325,
18. 243, 3. 280, 9. rebus 11, 3, 11, 35, 17 ·
, 31611.116011616011111111161. 31, 16 22. 42, 7. 52, 17. recipiant 140,20
611116 sensus est rabiem 202, 228212 58,1.60,3,15,63,1661616616120,23
15214 ’ rabies 215, a. 228,6 29. 68, 6,.8, 16, 24. 16616111 167, 22 ,
quispiam 286, 9 radice Caucasi 116,5 70, 3. 280, 11. 287, recipiebat 287, 15
quisquam112‚1.184‚ radicibus 314, 10> 21. 307, 6. 309, 12 recipiendas 104, 14
33. 211, 10. 231, carnarum 146, 9 3112326606,16616117,11.58,8.101,
24. 313, 10 116161116286,25 lactc. 15. supra 9.146,11.215,20
6011166661, 2. 135, 3. raperet 22, 3 = votaiiuentibus 199166161161309,2
9. 226, 4. 257, 300, rapi 183, 19. 328. 4 2 1611610111 215, 14
20 rapidi plur. 324, 7 ’ recedant 33, 22 recipiuntur 69,5
quiuis 253, 6. 3259 rapienda 2837 recedentem 125,13 reciprocantes 327,8
quo 6, 17. 44, 27. 50, 1161611111. 82, 8.317,166611616 322, 6 recitant 2587
16. 56, 1. 67, 19. 1211185610 166666161212,2 ’1661616610118913
74, 16. 164, 4. 169, rapinae 46, 14. 183, 23 recens 32, 22. 206, 23 recitata plur. 13310
23. 170, 21. 172, 18. rapinas 92, 21 recensere 286, 8 recitavit 45, 26
190, 15. 251, 12. rapinis 8011611116- recenti 13, 1369, 25. reclamante 202, 19

 

