lnnsx 1711111101111Μ.Ι

6616111364 Campanorum 187,19 3. 219, 16. 225, §.captivatam
cesus 113, 18. ta'rga'a canp'is 100, 21. 190, .262, 4. 263, 7. 264, 616166166160 2, 229,
184 30 2520111234,8 82783. 279,,1,16 10337 21
66161416661116ι11661166616126.277,7 19, 25. dativo, 284, captivos 89,14, 19
71, 21 64666116300,6 8 103, 17. 156, 15.
6416146161· 26, 845, campos 23, 430, 23. Cappadociam 28, 27. 163, 11. 244, 22
y 12. 76, 6142, 3. 149,9 276212787279,66611161675,27.142,
153,15.154,14 campumtcttaaota 28 2866 27 2.,24711
66116162672611166666111141141 Cappadocum 134, 19. captivus 112, 21
catenarum 103, 17. 64668, 36. 147, 25 284,9 capto 111666. 274,1 1
124, 28. 207,3 ” 327, 23 666161667414 6461668821. 85,18,
catenas 96, 9. 134, 5. canebant 199, 19 capras 75, 2 23. 137, 3. 241, 18
163, 9. 236, 4. 252, canem 8, 23. 25, 9. 2, 6461164 314, 12 captum 155, 16. 256, 5.
10, , 320, 28 666116 plur. 74, 16 264,15.284,24.306,
6611611 34, 3. 147, 9 canerent 168, 18 capta 38, 4. ,58, 7. 88. 1
165, 31180, 7 204, canibus 317 4 17103, 15. 145, 6. capturi 2521
t 28 6116111616 121 1 169, 21. 185, 26.64611166693,29
66161161614361461661172,19 245, a: esse 173, captus 77, 7 203, 6.
> 63,13.67,3.,83641166130117 18 2382661777 291, 3, 317, 13. a·
22. 145, 2. 166, 9611661617, 20. 33,.5 611 alt, 10 “ 1661611616 liminis
173,2.'179,1.18a .26, 7 135,.9 64611102, 3. 175, 13 10210661616290,
4206, 26 61661661203, 12 191,13194,16 20. 66616166119, 18 ,
6616161661 14 7. 36, 6666161260, 9. 182764616125, 9. 36,· 19. 1416166327, 136616- ζ
17. 47, 25. 51, 2. capessere 33 16 57, 19, 6116124, 10. 66149, 21
101,1.147,26 6666666166125,12 31,5 6661116, 5.13,24. 1,
ceteros 31, 7. 34, 1. capessunt 36, 11. 6961161461 1946. 212, 5. 114. 106, 5. 10812,
37, 9. 41, 10. 63, 3. 81, 24 2211428212. 31,1.135,19.139,17 ¹
2982, 30. 85. 21. 6161 25, 12. 65, 6. 32211 0414666256,6 ,
104,18,116,5 147,16 6666161858 0616661696,23 l
ceterum 9, 15. 20, 5, capiebat 37, 16.181,6161411161 29, 23 0414611675, 11 ’
33,.1, 16116161, 13 captas particlp. 24⁵,carcere 182, 11 6
212915 6461666429, 26 6.,207 13 6616666401 183,5,
Calo 0616416 322 20 capienda 61612839 captat 2116 13. 214, 8. 247, 16.
calamitates 106 28 6461016144, 23 capti 50, 12. 187, 21. 285,2
culminationis, 14 capillo 52, 8 321, l. essent 194. careant 281, 18

⁸ calamitatis 174, 16 capillamenta 15 6416411912

calamitatem 148, 3, 6661153, 21. 58, 3 79, 616116 82, 28. 87, 6666141211, 13

155,7 8. 171, 14 188, 1. 174, 6. 321, 22 carentem 67 16
calcaverat 127 38 295,12 captiva 24 1. 29, 23 6616611127115
6611111324, 28 6661161102, 4, 6. 142, captivae dat. 294, 17 641616125911
calidis 233, 13 11. 162, 2 captivam 2412102, Caria 135, 24
calidas euro figerent capitale 296 “ 10 0111166652, 3

289, 24 646116661666,122,4666111610161366,8 0611461132, 9
6111104666166616189,142,6 114, 26 6111612343

14 616111 92,3. 14817 captivas 60 86. 252 56611614 150, 2. 324, 27
0411161666283, 13 0461161166314,6 captivi 6116 661664661161661188,3
6611166666.89,7.139,64611111102311,13.166611616198,25,6411616660,27

21 104, 8. 120, 6. 184, gen. 101, 5 6661641116616161947
6411166183, 24 29. 204, 26. 231, 10 6711631214 6611661641616 192, 6
0411161666661147,21. 247,·7 captivis 39, 26 28, carissimos 129, 1

148,1 capiunt 34 14 11. 106, 24320, 56611116 59 13
041116166666113, 15 64616616159,21.105, 6161161146 3063 6461616443, 6
Callisthenis 1136 7 captivitate 53, 22. came 301 13
64161620, 13. 322, 8 Cappadoces 279, 18. 257,2 66161115, 20 147, 9
641616611813 2801 captivitatem 61401111146166 105, 3.
caloris 201 ’ 0466466616, 661 102,129,1.,28833.1,57 191,10,192,5

64166611306,7 16. 185, 17. 278,.9 l Carthaginem 105, 6.
calumme 286 24 11. 183, 3, 284, 3. captivitatis 45, 22. 110,13. 171, 13.

0111111) 11-666145 15, 17 206, 20. 6161111130, 51, 18. 53, 24. 98, 172, 18 174, 14.
041611661812 natanta ’ 1108152911, 18. 189, 2194, 6. 234,
Campaniae 176,6 Cappadociae 6611283065 ι 2239, 8, 10, 14.

 

