Ι10001 urrunnun.

010002 98, 25. 15601001001288, 15 criminati 2396 ·, 215,16
22. 259.5 . 0101101250, 11 criminationibus 226, 1111001100 46,6
0011100184, 14 crearetur 199, 11 6 01000100 187, 19. m
0010000192, 3.104, 243, 4 criminatur 66, 12 3
93 , creari 166,5 0001012268 0111010126, 29. 223,
1001000081. 21, 89, 90100101 81,16.187010010181 1.317,13 21
coronatos 202, 50 24199, 9 243. 5011011010 89, 23 . 0100102284
0010010171, 1, 27,0 10 crinibus 20'3, 5, 207, 0101004 144, 23
’ 0010011120, 541, 4.5,· 0100100010 97, 17 18 cruribus 184, 30
71 , 13. 89, 15, 122, creaverunt 66, 18 Critias 63,11 cubantem 253, 4
3146,15172,2001060011203 0111011112 124 006100106210
203, 2. 324, 19 006001110050, 12 01000111412,3 cucurrisset 92 2
, 0011101017132818010601010216 0101000112,6,12 0104, 6. 16, 18. 56, 14
30, 1. 40,2 110, 1. crederent 9713 190, 810001 11, 8,13 &a .
131, 19 140, 20 17 01010001808 001 110111 lou, 17
· corporibus 894 0111601011,2612.277010100010 17916 010010 2999
39731133 11.... 210113 ¹² ⁰⁰48, {¹ ε.8Ὶ ⁹⁸ ¹⁴·
ere ereu c
30, 5. 88, 5 91,4.010616111059, 13 01000100116011778001006010 21923. 275,
107,18 ’ crediderant 1984 178, 2. 121803 5.329,1
corporum 22, 16. 46, crediderat 167, 7 Crotoniensium 17818000000110 988, 26.
¹ 210714 . 0106111154,4.0016,801000 922 193, 12 30812·
0010111167. 17,]7.0106111101039492 0100110171, 13. 184, culinarum 288, 26
64,-,1 75,.,7 79, 11. 010611011010123, 1 32 0011000 127, 20
¹ 88, 23. 92,Ι 5. 96, creditum 18 1. 37,01001160168, 27 culminibus 166, 12
, 18. 1042 . 6001 91, 13 0100100001249,18 culminis 207 21
cometa 184, 25 crediturum 194, 11. cruciatis 327 5 001ρο 68 26
’000001011264 18 191, 21 010010100168, 2 0010101482
0010001110 1941 01060108, 22 010010100001125, 17 0010110198, 13
correptus 222 13 credula nrm. sert 30, crudele 14 13 0011101,12.011169,
corrigendum, 22 401000. plur. 3213 crudeles 62 23 28
¹ 00160141, 99 creduntur, 17.,75 140106611807 ’ 0011101160, 18
001110100401 128, 99 0101101110· 91 13 crudelior 185 1 cultiorem 329,10
00111010010116, 4 0100010179,’90.80,601060110197,26 327, cultiores 169, 16
corripuisset 1467 01010010 7019 2 0010011032017

.. . corrumpebantur 241, crematus 89, 11- 0106011001101051, 20 0011111043, 6 79, 17

25 cremavit 99 6 0111601ιο0309 51, 0010100313 8
corrumperem crepundia 931 13. 355, 13 108, 17 00110022,6
00000001001439, 22 crescente 76 11. 231, 156, 17. 189, 23, 00110111 1060111416.
00110100 1139, 26 16 162,1 ¹ Α 267,..,1288,303251
0011001194016 crescente 73 8 0106019000 10, 10. culturas 328 9
00110011ἰῖ311 010000101103, 1. 127. 17, 17. 60, 13. 84, 0011000000. 93, 7. 320
1011006017. 6 ¹ 10 · 398, 4133, 23. 18
corrupto 153, 1 0100011300,18.61001-144,11 001100 partic 119,6
101100100976. esre 011110110οε1000 do· crudelitati 115, 24. annulaverat 1995
, 10218 - 101,110001110060 15618 cumulum 1036
0011ορ100 166, 9 missus, 006 minius 0106011000 14, 1. 63. cumulus 158, 16 191,
,001001010356-,91 profitere 1100185, 259813 155, 21. 16
0111000127,1 11 ·' , 20192171624100001020,8,1868,7
010001309419 0100111296, 17 10 υ cuncta 1253
1310001000 31918, 0101010 33 23. ·.179 crudeliter 57 7. 116, cunctantibus 10, 19.
craeso 273 7 ¹ 1325212 ‹ 5. 147, 23. 2001. 19, 5 214,3
crassum 302, 10 Cretensibus 164, 16 311, 24 cunctarentur 207, 25
6101010 131, 21 01001110268172,13,010601101126..39 18 cunctari 160, 7
craterum 135, 24 271, 1 crudescente 111 82 23 0000010096 16. 324,
801010012419135,0111161001171,21 0100010170, 9 306, 1 ·

14. crevit 197, 27. 131,1 6000 plur. 203, 8. cunctationem 239, 90
0100061431 «01100040,7.,12313, 2288 ¹ 00000131, 2173, 20.
creandis 94 1 . 133, 23 · , cruente 19516 2027 321, 12
φ,100012553’01110100115,21 cruenti gerni-89, 20. 01100110 126, 27. 130,
010001015212 1001010060111111 237,3. 2282. 10001101. 63142

 

