INDEX 949409644.

, “ 444, 4444, 4. 444, 44440444 44 44. 145. 4444444 44, 44 444, 44, 44, 9 44444.

· · 1401212, 1610 1130116 3¹1,148,5. 17315 170, 12 29414.
majus, sicuti 4004101100110414119, 33 333, 14.. 250, 2.,-273 21112. prae sefe
est, omnia extol· 1414044140 part 137, 21 6 rentes 179 27

’ ten} 36, 21. tamen fatigatio 67 20. 257. 3 fecistis 143, 2 ferentibus 156, 61
loquebatur 14410 fati 0014443237 1001112, 20 592171, 1441014421, 17

' - ,06144401011111121011041048, 2243115 275, 7,,79 1186144148, 21. 325, .>

· 44 444, 4 ’4444 410, 44 444, 15. 4444.,44 44 444 4444444444.
’ 444, 44 ψ 4444 4444, 44 4440444444. 4. 4444

1004423, 30 38,10 101100411325, 2, 329, 14141140401276,4 feritatem 319, 6

- 179, 4 327, 49, - 1414110409 ferme 49, 6. 57,11
famam} 144. 82· 29. 1011041121, 7 1411044321, 5 111, 8157, 1, 164,
307, 8 “ 101053, 13. 92, 18 101101328, 11 11 .

’ farne 6,1 11. 111, 7. ,112,15. 3663 141101604323, 8 feronem 276,3

296, 9. 3096 10104010 224 3 112, felicior 94¹, 19.- 304, feroc4ss4n4ae 148 20

, 10044444 61 3, 14 333 15 113 11, 15112 13 ferocissim0148.4
44. 440,’5 4444444414 4444444444, 44. 44, feroetsstmos 154, 44

fames 67 20 208,7 1410441315, 2 5 144001104204, 20

familia 75,11,.197101007019.126,17,1414044111,17 ferorum 283 3

11. 221, 3 nominat. 177, 3. 311, 14 1414041444 10120108, feros 215 2. 228, 10
173, 9 faucibus 49 1 »185 27, 210, 13 ferramenta 177 7

fam4l4ae 21610Ι 10444411604295,2 felicitate 3135,113,fe14·e 81 18, 147, 11,

familiam 17, 9. 146, Fauni 315, 2 1, 198, 4, 20. 276, 170, 22. 17414
4.,393 3 Fauno 3141ss 20 ., ferrent 107, 22. 2041

familiaris 118,7' Faunum 3147 1414041410444 2999 14444121, 27. 170, 25.

14101110411414214,11 Faunus 3149 felicitatis 1561929117

1404111440011 76, 12. favor 63 94 139 27. 171, 4. 196, 33 364, ferretur 90 12

, -,156 29· . 135, 20, 13915. 14 10444 verbum 9, 33. 49,

· 140111141144181, 8 15311 feliciter 60, 15. 68, 19. 226, 10

10011144104219, 28 favore 46 2. 58, 26 6. 791217048104414444440.107,25.

{famosus 1878 91, 26. 146, 13. 178, 23. 230, 4 344, 209, 20. 3244, 3. 326,

.fano83,·¹1 τ 19910. 361, 913 10 -

1448311, 296, 36, 264, 18. 367, 5101101044 37, 18 0410144401013101325,

,ν 00501307441306, 281, 6. 287,11 55,2.109,14.183,7,11,14.35,12.37,

, fascias 2797 · 143, 33. 158, 34 fe 4615, 2. 88 22 3.,107 27, 133, 17.

fastidiat 133 24 182 9. 217, 19. 9311 1349
— fastidiebant 140, 12 254, 13. 292, 13 1 16 fertilior 333 4
14111011442621 1040414266,13 14 ’,0419 17. 51, 2104111104286, 18

’ 19. 144444114411.144ο4444 15,10.96. 1 772, 17. 77, 2
, 1014044115, 30 . 17, 127, 7. 136, 51ῑῖδηη242680 14440107, 12.16,7..22

114116100481,15- faustis profecti omi· 3 ,6 ¹ fertur 74 44144, 23

14411014207, 21 0460417810 14403126 1444044144 49 20

’ 144110· 40 110, 1. 138, Faustulus 317 5, 18 feram 1486 1440444329, 10

. 9146, 13. 2117 140101028713 1044141123, 17 14400116,8.,.,191177

fastigium, 2. 301, fecerent 1942 1444400169, 17. 326, 1212831447. 328,
’ ’ fecerat 37 78, 25, 22 ν. 1,4444444444·00490,3

, 4444 44 4. 44, 44, 444, 40, 44, 444, 44 444, 44444 444 44. 444, 4 44444444 444, 4

, 6,169, 23 18. 277, 11. 297, 4.f,e1·9436 27 fervere 16 11. 2722
’,1-410141·1 6,3 2,226,’.2 304, 33 . fer& 4411116, 13144041502 ’
fatalem 125, 7 fecere 22, 58, 48, 8. 261, 11 14444251,
141411411311 , “ 121,10 1444600113 5, 14. 266, fessi48,7. 444
fateren,tur69 1404011117,15.1004 9 144414411206, 294
1441418915 ’ 22. 117, 23. 168, ferendam 10921189 fessos 168 23
1411046101320, 14 3.,241· 11 23 , fessus 120 14
’14140464119722 fecerent 52, 5. 1331444061 51, 25. 22104140404162, 14
fatigando 161, 2 11 21 1441104011125,5
1011000188,29.229,14014449,10531314440110807 · 144110111273, 15
13 , 106,17 152, 4 333 serendus 9 25 festinatione 102, 9
fatigaretur 1621 9· ’ ’ ferens 55 691. 12. festinato 29022
1414054441 3121 fecissent 10, 2. 130, 2731327811 14411444040192, 11
4444444444, 44 44. 444, 44 414,’4 44444144 44, 44. 44, 44444444, 15

 

