8

11111111 vukn'oiiuM

Ργτε11111323,5’ (511111111111115, 11. 82, ’1511111111 1151111111 20, 263, 8292, 1’. 308,
Pyrenaeuincoi1324,12 13 4. 11111111 234, 3.12.312,2
Ργ11111199,.,82111451111111( 14922198 'doctior 160,16,55111·’11119,7
213,10. 215,18. 20 16115161111811282(5111111111161111173,
220,1,.322212 (511111118226 17·1111511169,2.1111·1125 . 'J
Py1·rhidae160,⁰ 5 = (511111111111144, 15 11111111,13.11(11111-15Μ111·11111160,279113
Pyrrho 154, 2, 169, (511111111113 5, 4 (11113826,51111142,(511111111·11111 156, 61.

18.163,9.164,8,15(111111223,14.*9112 13511101· 20, 16, 24813
9,16.165,1. 2091511111111151115, 5 promptius 265, 5. querelis 189 2 257,9
6, 201, 21’, 213, 1, (1111111168, 27 ’111·161·247,1 (51111111447189, 10.⁴
14 282, 4 · (511(111111914 (511110119226 19612
Ρ51111111Μ15319161(51111102471830321511111111111 39344151111111122613 ’
3.163,10 164, 3. quaesitum 17368 25 9 50, 21. 62, 4 81, querentem91‚30.153,6
211,19 212, 8 259, 11. 284, 5. 318 25. 89, 20. 117, 21. quei·euies23,2 19
Ρ511111111531.159,9111111148 6112212628166(5111111111717.30,3.
10, 19 160, 13 3. quaesitunau'ngr 114,8 15. 180, 2. ’1889 68,1.171,15
1646198,12191511111111111 22, 31. quiiuuuu 189, 9 232,(511(11411111169,· 25
1827.¹ 211, 7. 212, 168, 11 13 266, 4 280, 20 questum 148,9
1923214 quaesiturum 159, 7,(5111111111391, 1 (5(1111111111111 183, 11’
Ρί(1115501·11’1179,9.,180 210, 22 1511111156,32,182,8.(511161111111151118211 ’
7 (511κείνό11 22¹ 9 3196, 2'3 quibusdam (167. 49, 5
(5111111172, 25,73,151111·131133,2010222 167 1123186275, ,
Q. 9.,219 8 (5111111111 275, 29 3. 276, 12, 22. 282,
“ (511111111111141. 18· (51111111 116 126,16.23.11(11,135,18398,
Quadraginta 619511111131113224 (5111111116, 8. 32, 5. 5
103,15. 108, 12.(5111(111(1116111’115,23 44, 22. 64, 10 77, quibusque 79 2,18
275,10 ⁴ quaestore 309 14 1 82, 20 114, 26. quicquam 71, 16. 106,
(5111161411324, 21 (5111111192, 29 125, 29. 143, 9. 168, 26, 183, 13. 218, 4.
quadrigarum 127 23 quaestum572216813 1,80, 25. 198, 4. 1953. 303, 17 512,
quadrigis 207 16' (5111111142, 12 297, 10. 214, 26. ’19
quadringenti 300, 22 qualis 164, 17 268, 8 299,10.3,08 quicquid 98, 7.
quadringentRJLsSH (5111111164 16 5108 quicunque 25 13
102, 23 106, 13 qualitercunque 34, 6quzuuuudiim 62, 23. quid7, 12. 12, 5 17,
quaeiaut 2234 quamobrem 1,91 25. 184, 8. 327,6 ·.29 20, 1. 26, 23 39,Ι
quaeraturIO7, 25 93,4.98,6109161511111111511112984 ’.118 43, 22.95,12 ’
quaerebaut5,4.146,10 149,4.152, 13206, (5111111111188, 23184, 105, 27. 239, 25.
quaenebat39, 12 7-241, ..10 301,10 823316 ’ 142, 23. 144, 9, 23.
quaereuda 194, 14 quamque 20 14 (51111111663, 31 156, 8198, 10. 292,
quaereudas203, 12 (5111111153. 9 5111111111;1,2.26,11117111 10,
’ quaerendi 16629180 quandam 1153 3024 . 286 25 288 22 qiud
24 quaudiu 147,5. 169, 28 quater 142, 2 sit 35, 2
quaerendo 105 5 quaudo 2067 326, 6 (5111111111 teneri rei« quid? 171, 7, 8, 176,
quaereuteiu17. 15 quandoque78, 12320 5511111130, 21 , 4611, 6, 7. ter. 283,
quaereutes64, 19130, 25. 321, 2 (51111116111111813 14 -1
26 (5111111511111117,5.19,9,(5111110133, 15 35, 6.quid salvum esset 111
quaerenti 3012 21,171518174,.16 199, 8. 108, 11 13,7 1111111111111112114
quarenti655101,23. 197,142198.264, 1. 1589159,1815111111111827. 94, 29.
197823212 237,8 5295, 20 299 13 172132018513,141119211310,
(511111147412,16.(511111115111,815291,232761 26
92, 26. 166, ll 291,13 24410 quatum-decinl46,13. quidem 4,10.12,23.
1811611327, 29quuuiae plur. 86, 7. 218 16. 224, 13. 31, 25 47, 23. 55,
quaererent 39, 20 152, 23 225, 4 16⁹ss 58, 8. 64, 570,
quaere1·etl36, 27, 279, quantas 102, 28. 232, queam 58, 21 6 78, 17. 85, ’.,888 1
9 14 queis, piu aquibus, dut. (511181111194, 11
quaereretur 139161511111112629 96, ll ques 57 19 ,
161, 5 (51111116 1·,1 13. 20, 4(5111111116111111111119921511111111141181815
1511111·1’114,21,283,9 16 32,’26.42,13.107,22,142.6 20 ,.
(511111151413512 69, 2. 169, 16 227, quemlibet 292 4 quietae171, 4
quaerunt33, 18 126, 5. 234, 3. 247, 1, quemquam 16,1.43,(5111(·1(151125218
31,127, 7 168, 6. 254, 2 .,282 17. 298, 6139, 23. 311, 6 (5111111114 10. 122,
17833 5. 324, 21 4 (5Μιε114111115,15318 24 mm& 148, 27

911

 

