ἱ . 11111111166611666Μ.
t 1

animo, 11611511 82, 9..51’1)1615,17111.·28 16 151,3,12.152,19566515666190,15,91 1 R
34, 6. 80, 9. 8810. annuum 196, 18. 142,, Antip'at'num 124 20, 2. 92,19 .;·‚· -
86,’7. 92, 3.2 106,.1 3. 165, 18 , 180, 18, 18 5, 8, 24 apparatis nnnc 10 3

114, 1.1’18,9262,511116(1 6566656129, 187,12, 16. 140, 5 RppRthu 99, 26. 31, ¹R
1 , 1,1, 169 65 ¹ 61166511511710118. 20794182, 17 Α, ’

animorum 82,1, 60,annuos 61 23. 71, 5, 11270, 1 5661151111 96 11
8 79, l. 96, 2, 99, 252, 27 56716116 78. 8 apparatum 1111111114,
› 28. 134, 9. 196,2 R. 161511616192, 18 Rutiqtntm 88 7. 934, 7, 189 93. 940,15.
218,·8 ,1 5111551115641 19 950, 6,8 281, 8 ¹
66116658, 11. 29, 13. anteceth961, 5 antiquioxe104, 96 apparatus 111611 phar. '
79,39,7,110 105,3 antecesserunt 2543 antiquiores4, 10. 21, 58, 11. 73, 15. 114, ι
180, 94 139, 4, 93. anteiret6, 11. 7, 10 4 ...18 287,1551’116,6,7
24, 162, 9 806, 3, 5615165566156166169, antiquis 50, 11 13 16 .
, 5556111111 186, ’23 29 ’ 511116111561156111196566511151 96,15 147, i
566561451666 Antenore 175, 13 511116611512616. 49, 24
8113517.15651111116111151151555 14 . 6661111565 10814197,
rum animos inex· anteponeret 139, 20 antiquitatis 113, 6 19
. piebiles sanguinis antequam 86, 4. 169, antiquins 994, 16 5666651661 179, 3
divitiarumque Je 99 antiqpo 19913 apponite, 98, 3'1, 9
,6665656515171-5615516115111520725 516151115110517, 18. Rppelans 14014
mooun 9859 ’16161615 2765 207, 18 Rp 5111161 180 28 814
5611116515 1051 Antigoni 140, 5 142, ,41116111ἰὸ12, 18 ”’11 “
animum 9, 14. 939. 4,90, 150,¹ 7-916, Antonio 800 21 , 56661151116523, 20 “
75951641411216 Antonium 510 2 5665115118411327,
6, 182, 8. 201, 28 Antigono 1R9 7, 185, 4616665811, ’20 28. 147, 1, 250 7,
905,1896011se 14158, 7. 189,2.5111161182221 30218 ·
- 11)151)1111111111311148,24’1111115123 148 appellat 202 23 277,
18 Antigonum 135 ,18 28,149,4 20 ¹ =
5111166510,1716,.3 139„1993. 141, lannoius 1499 5661111115111119,15, ·
69, 93. 93, 9117, 1914423 56661272,10 ‘ 177, 7. 8145
8126, 25 Antigonus 124, 19. anxie8, 26 appellat plur 251,13.
anni,ge1i.,9718. 278, 13998 1446142, anxium 198, 9. 317, 32613
8 27. ’1,46 5,6,15. 19 ¹ appellatione 1594
Annibal 178, 6 995,147,1 . anxius 1989 appeliatum 270, 4

11228,17.238,17.1411116611511555 268, 5146516511629111 56651151611886152, ¹

239,12,64 17, 291, 9 aperiendas 22113 16198, 4.,262, 5’
4116161115 227,1, 10, Antioithensibus963, laperitl90, 18 298, 9 ,
282,12,288,4.’,240 146116611113212.149,5651·16111258, 8 566611116555151 205 7 ’
· 20241, 9.2’48,7 8. 220, 7. 237. 1565116 obl. ’64, 16. appellaverunt 165, ’10
Aannibate’m 999, 1. 261, 2.’,274 3. 999, nem. 907, 21 appellavit115, 2. 269,
234,,71528711 363021580615651151615613217 1,,8149

239, 11,262401,4661’1661115111 149, 8561111862,106455665111611115111115293
, ,41161115ῐί242, 15 213,18295,9294 91. 99, 89 18

Anniboiit 937,1‚8. 14611, 5651164811 appetitus matris 11151Ι
939, 11, 15 24125 6611656614826159 aperuere 99, 9 169, dnsoccumbit 57715·
252, 9.,2531 914901, 2, 20 20 · 61105178, 10
51111157, 4 22, 99. 94, 141166511616209,1,2185651611321 11 5665111615 ³276, 5 ·
34.44,.,6488.92, 1421272193 apes199, 16 1 5666116112116
1516613.1617.1511851112183656,1161411119331116116416

143, 21 29, 2197, 15, 28 1461151155 192, 93 566116516105,1
56611575616119415 Antiopa 246 71615126 ' applicato 6561116109,
5611643,6.47,14.14611665249 5611111816 , 9

108, 8. 190, 14. 238, Antiope 94 4 Apolline15 6, 97 ‘applicituri erant 34,

1127519 11116651511’1,.,1612616111116561136161116661 27 .
5116616111108, 10158 21181, 2118413. 48, 17. 45,ss ap plicuit 246. 121, ·
13.,161 13172813514 s 1661116192, 11. 1497716 .

2254 . Antipatri 1016 111,. 9 ’ 1666116611146,8
’5611656 1010, 26. 7.12420.13213716611161565558714 appropinquante ves
143. 99, 28 235 1347-166111615357818,6515211715 ¹
v 3016 Antipatro 8917 188, 14827. 177, 2. 205, ’166611511215 17, 19.
1166654619. 42, 25 20184,9.185,11. 25 113, 9, 3, 6. 165112

“Yy s.

 

