X

188811888881118. '⁷1 ⁴

1881818171,20 includitur 915 1881881818109,22.18888149,25.222,.5

188181818193,3 188188881143, 12 144, 24 ’ 234.1
incedere 1848 1881881118158,12 18811234 188881111181126,16
18888881301, 16 1881118818 260, 8 1881111915.133,8.1811111111118102,19
1888111111 509 inclyta opibus 93 20 148,11 ’, indubitatus 229,3
incenderant 108, 18 1881118818188179141881881613214 1881181321, 5

1888888188119128 inclyto 127 26 Indiam 149,14. 150188118187117.233,9 ,

88888818181288,20’ inclytum 20414 6304, 21 induciarum 312
Δ*·51188811811181135β iucoytgn itum 9698 111818111519.39,16181111811848,8
incendi 191, 25 188811819,16.168,20.1811181111139,3 inducit 118,19
1888881161, 4. 191,.4 175, 12. 1879, 1811188 293 23 18811818 1864 N

192, 7 188811844, 25. 166, 25. indices 249, 9, 16 inductus 161, 8. 162 5 .

18888118 135 5 324,1 · 1881811287, 2 indulgentri 15, 2. 94,
18888818 61 16. 143, 1888111818326 16 1811181846, 2. 101, 5 10. 97, 23. 129, 1.-
9. 221, 19 18881861881165, 9 263, 5 8818111943
1888881811118201, 14 incolumem 120, 8307, 1881811202 27 indulgentiam 93,16
mendieos, 11 181, 8 , . indicium 11, 22. 41,indu1sisse253,5 ,
11.203,14 1888188188 79 6 41096 Indum 13215
1888881881 8 1. 12, 4. 1888111811 16, 8. 87, 29 indigentibus 162 3 1888181188811196,9
49, 11, 22. 55, 12188811181111118616 1881881811,1209 20 indurati 892
88, 28. 321, 31 188818818114, 3.,129 indigniore 165, 15.1811111·1117520.115,13
18888118811115318 2.,147 20 61111217, 14 indui-,ato 0,1
1888881 ung 729. 196, incolumium 61, 2 indignabatur 115, 20 1888118883, 289, 20
2311181181 70, 171888188126,11282188138821714 indurentl 6, 6
,1111117016 15 indignamllO, 1 1811881111, 1114881. fem.
18888818 gna 37, 26 1888888811117, 17. indignante 9593 19, 9. 8111188184111
1888811181 322 11 204, 7 indignantes 93, 31. 59,17. 66, 974 6·
1888881207, 27 incredibile 17 4.,81 156, 25. 178, 2 77,17. 119, 6. 136,
1888881837, 27 25179,20.247,188181811811111189,8 4. msto, 142, 3.
18888181167, 8. 228, 17.270,12881122,1811138111 plor 130, 2671130019
19 7 20 1881181118238, 14
incertosem. 87, 3. 202, incredibili 99, 16 indignatio 114, 22 18118811118141, 181 1.
7. abl. 173, 28118111 incredibilis 179 4 indignatione 03 19 8 “ .
125,10 1881888811241 741811188118181465 1881181118317,11321, ’
18881118 g.en 303,1 3. 78, 6 79, 16. indignatusY, 11205, 26 2 ,
incertum 72 23. 279, 168, 16. 188, 10. 11 . 1888888118 29820
5316, 14. 881100 210,21.283,.7396,181118118982617025, 188111111398
10 811 1972065 19 217, 20 2669 inedia 1183 n
incertus 199 28 198, incrementi 393 indigniori& 16 inediam 324 19 1,
10 incrementis 69, 10. indignitas 45 15. 396,' inermes 127, 29
incessisset,9602 179111959308 3 1 ’. · inermibus 204 22
incessit 192 9 21320,13.328,9 indignitate 143, 19 inermis 124. 1
1888881167, 10 . incremento 968 181111,1 nitatem 556 inerti 55 10 - ’
inchoatam 152,1 incrementorum 75, 8. indignitati 91, 8 incrriae 966, 4
inchoatum 118111 97,3 1332 188138118295, 19 1888127111 .-
1118188181267, 10 · increpantes 986 indignorum 130,15 ineundum 19115
1881811 1469 ¹ 111818811184811897,18(1118·111196,1157818808175 15. 37, 2.
incipere 135, 22 Ι22 13. esse 233, 5 30412 Δ
incipientes 215 2 increvit 160 2 18818 119, 13. 123, 6. ineunti 2110 3
ι motabantur 909 22 incruenta 1606 132, 15 inexplebile 24414
188111128111.295,15 incruento 55, 20 inditum 2685 inexplebiles 285, 9
1881116207,13 incubantes 207 6 inditur-963, 10 inexpiabile 985 1
- 18811111881111.114,5 incubarent 199 7 188111818881. 314, 1 18818118111297, 2 .
incitatus 321,2 18881111114912 111111182217.113,22ἱ8818118811111881 277,
inclementiam 8811, 8818811118 22,6 188818 75, 30 10
1 ’ . 1888111821,10 1811818831, 8.,2264 1811181136, 27 98,- 10.
1881181156, 2 18888168111157244, indolesceret 125, 18 105, 16. 232, 6. 296,
inclinatam 3064 14 1888118706, 8 88,? 4 ¹
1881181118 58 16 incurrentium 20 21 indomitae 656 intimaretis

inclinato 59 20 18811811121624. 312, indorum 119, 14, 21. 1811181181 14 29. 48,,1
18811811881192, 6 17 306,16,19 ·195,90 ⁴

N · 1

 

