INDEX 1711Β11οΒ11Μ111 .

1616611663 Ι 23 1271,·,5 ’ 13 19112, 15. 1191
11161693 6661161616 136, 231611411466611866 120,12 12219

16 271, 5 207,9 . 166411166684, 15 136,14.160,4. 193
116 2712 6116111116 2719· 1611111161 2596 1 196, 22198, 3 ³
116111 33,10 11111 6111116111 3219 88, venduntur 98 25 ¹ 855, 4. 262, 5. 270, ’

16 115,6.209, 19 25. 106, 26 2969 16116111 122 25. 126,.9 3.280.15,’312, 16
16161314μ92442066166658, 375, 5.,85 272, 19. 293, 21 3294 ,
61666159 20 7.2,02 29 2969 16661161222112616111171161119388.
61121111 1699 66166825 8 1592. 184,19. 98,3'. 132, 2 174,
1611611149, 10 vecordes 80719 252, 26. 27514 276, 21. 179, 16. siml!
’16116111 sm 24,4,16661·111611120615 5, ,7 8277, l. 293, 3196.ρ1’61.1144,7
16, 21.1166.204,5,1666111161112910 25, 29 294, 15 , ,
101915.16148616616111613114 1666116111 12615148 1161116111 17016 ’
31,9. 113173731331133173131737 3. 31317317 1 1316311311 810¹
10. 325, 2 1666331661 22 29 1611613161616308 13 7611118166310, 11
116 pl 111. 96, 1. ,gem 1661131111 129 11. 169, 5 venerant 809 132596 1611116 271, 14 323
301, 9 166113111697, 17 1611613136, 14. 44, 14. 1611111206, 14. 216, 7
·1311161611611695,,3166111111662711 2491 , 325, 1,1‚ 15
6611116161616ρ31-’166118111622,35 veneratio 94, 3139161116111111495

:im 366616313416116111110126 15. 301, 19 1611116111 279 8 .
11616113 87,1 166616161190, 15. 327, 9161616116116 1116161116 ventris 288, 5
1616666 294 1611161116 25819 56,15 ventum eup. 6136, 284.
13168419 166166116321. 5· 166613116616129, 14 11666611311. 28,
16 11110.165,15161116616 10999 16661683, 24 2723 7.,4110.661264
16166 215 23 1611161493 11611611 16814 159 22 1655 202 32
16161637,15.55,1611611125,11324111611611111312..100,71611161·1111157,11.84, fl
23. 264, 3 velamenta 19 14 226 23 “ 18. 168,5.167, 17
1117111111 288, 26 16116666666,5 Veneris 16, 21. 183,16111111·11688 10 ,,
11161214 833,,91 velatum 177 11 26, 29. 184, 6 16616616666111149, 12
14. 9217. 126. 4 1611111 10 21. 140, 20 venerunt 7614 8320 vet sacrum 203, 13 ·-

15815170184114410186,6 10419172,191616666179,2711111Ἰ

20. 281, 2, 10 16111105,17.107,.1 1791323219 55,17. 10519
11676, 2, 386, 22 169, 18, 20, 2111611616617513 116116 51611202 31 ’
1161661797 17418240,19,161116661.29,9..116111 veras 29211
116644, 24 241,15 ’ 15917166,17.1161·661423.167,16. .
1166304, 26 11611116 1425 “ 2896 ’ 295,5

616 guen 136, 17 1611610425.108,3.161111164,20 161661625710 4511
1131651229, 9. 30910 139,24.145,9,167,161111111111111611.84,16.66166116669,9.17,13.
1111158,.,2687 1521124278 15 109 20 1206170 29 23 18433
stata est 898 6 1611611136, 5,8. 19416 14 171, 16. 224, 7 1616611162511
statam 3113 16116143, 2 7812. 21, 2. 248,15,16161690,493,.8123,

6161171161. 22915 88, 11. 1297 185, 274, 5 87,88.115,87.194, .

6161166111. 70, 15 23202, 6, 7 31916111616122, 24 3

6131616 3104 1417 1611166161 2883 verborum 1464
6131616111 47 9 velocitas 179, 4. 324, veniendi 180, 24 161610619
6111116111 1926 25 1611161116 303 10 verecundia 8er 1142,
166 168, 19. 207, velocitate 1781. 273, 1611161111 293 20 28. 159, 4 187,11.
19 23917 15.327,13 1611116 22 25 889 97 247,10,17.248,14.
1616661111116 255 716166161611138 10 13. 106, 11. 122, 295, 80. 116111. 147,6
11661611 126 28 1666161637 27 2098 14. 131, 7 184, 18. 16166611111116 2122 1
Ι16111206, 15 16113Ιὶ6168, 27 141, l. 142 29.161·61165116.115,26.
16168, 24.,1513.161161111126172768 143, 17. 144, 15. 151,13 ,Ι
317 3. 327, 10 1666116663111, 13 170, 17. 171, 3198, verentes 70, 3185,
1611 ’,286 24 1611111166 1968 8,,218 22 241,3 23. 241, 24
1611666285, 8. 327, 6 venationibus 83, 17 16111666 861, 2 verentibus 15, 10. 133,
161161 241,-’4 “ venationum 303, 21 1616166111 57 2 833. 14 ¹
1611616111191,9 1616161169, 26 180, 25. 144, 7Verg8mum 811
1611116191, 16 1611116161 59, 14 248,10.250,9 161161661190,17.64]“.
16111166 sem 3,86 3 16661661661 869, 4 161116661916. 1914. 611137, 6 ¹
16111116 303 19 1611111611 89 19 34, 26. 74,14.86.161111111111·4982693
161161616910. 209,1611111131111156,23.159, 51093,1910916111611110712 .

, .

 

