.‚.
,10111111 11111111Βο0

arreptos 304, 23 65010 assiduitate 179, 24 6. 701 14. 93, 60, 69,
aroipuit 107, 7. 11111101111111116111011111111111111111 18 1331316015
18631, 9 Ascanius 3166 1,10 Atheniensem 40, 15.-
arrogantia 15618 ascendit 287 17 assiduum inter pares 66,17 ,
1111113011ῑὶ1 gen. 137, ascisceretur 315 10 discordia maium Athenienses 66 1. 28,
Asia 111 nom 8, 8. 61, 1541 4 1366, 4, 6. 30,
ArrubA 1914 . 23. 135. 64. 273, 61111511 1111301, 60 16. 35, 13. 47, ,66.
Arryb916019 16606, 63.1’11161.111131111114160 3817
Arrybae 861 13, 1. 61, 6 assignat 14616 Atheniensi 64, 17
Airybant 05, 28. 160,.41111 22, 9, 33 63, 60, assignatae sunt 148, Atheniensibus 24, 63.
13 ’· 26. 59, 18. 66, 4· 20 ’ 68, 829, 16. 30, 18.
1111111304 63 73,63.100,5,101,111111111101 131, 22. 4,6 645, 17 4616
1101111306, 19, 303, 6103, 5 136,8 17
61, 66. 3046 61111061686416.1111Βο111111,13,7 13 Atheniensis 31, als.
-Arsa'ctdew, 4.,226 65, 61. 38, 11, 51, assignavi4 303, 6, 6. 136, 66 ·
8 “ 63. 66, 5. 58, 6. 59, 314, 10 Atheniensium 6418
Arsacides288 29 3, 66, 16 1111111101001197, 66 66, 4, 6. 68, 6, 69,
Arsacis 303 65 6111011160.64,34.111111111141,20 ’14,17,19.34, 64.
41111111511101, 01111111681,11 assolet· 291 8 36,1.38, 14 .
8. 6031,17,64,.4111111111111.6611”646,11111111111111196,8 1411100168, 15. 39, 13,
34. 316, 4, 15 16 assueti plur. 63, 5, 19. 55,3 ,60, 60. 69,
111111οὲ1 159 3 Attiano 681, 5 666, 9 3.·179, 5
Artabani 41 16, 63 ,4166111109418 Ι Assuetum imperioAthis27,2 ³ ¹
Artabanum 41, 61 Aspectu 67, 61 637, 3 Attaiicae 273, 7
Artabanus 41, 3, 16116111. sem. 32, 15. 11101101676, 11- 1111111 636, 18 673, 4 ’
19 606 8 10 603, 17 1110011119, 69. 114, Attalicss273, 11
Attamenein219, 16 asperiorem 269 19 64 Attal ci 286 61 ,
amantibus freti htort asperitatis 119 16 assumit 41 13. 114, Attalo 91 8, 22. 669,
busPyreneumcoit.asper1uscolum20,4 14 16. 663, 7 ’
,1111110111 36416 aspeinaote 1858 assumpsit 24 11 111110019019130,
Artaphernem 32 9 aspernantibus 696, sassumptte 167, 11 25
1111111111. 296, 19 asperserint222, 1 assumpto comite 9, Attalus 91, 10. 1181.
Artaxerxe 41, 7. 64, aspersiesns 14613 34 131, 4. 633, 3, 676, .
9 asperum praeliuni 63, assumptos 93, 22 8
Artaxerxem41, 962, 3 assumptus est 304, 2 attaminet 184 6 .
864, 60 aspicerent 166 13 assumunt 14, 18 Atticorum 62 66
10111111411161,1111111111,16 ,4001169914 1111111147,15
22. 65, 3. 70, 6494, assentante 117, 6 Assyriae 263 7 attigisset 6869
9,18 assentationem241, 66 Assyrii 7 3 17, 10 110111630613
110111114184,64,111111111179,61 Assy riis8, 4 6684 1116011161116.644,
9,.12 93, 12 asserunt 325 16 111Β111111114,7.19,69

Artaxerxis 666 111111111111111607,1314346995 1110111110110111144, ’

11111914 100,63,111111111161111173,6Αὲ11011011 stagnum 17
159, 8. 172, 3. 185, certamina 75, 19, 1669 attonitum17, 15
15. 640151684, 15 11111141,1ο.11111.1111111,1111749 111116011116666
Artemonem 3165 rs 61, 14. ρει-1101116111 6816. 88,16,111111111111601165,14
astemenesst,aass,129‚.s res p32,.67 199,18.288.6 attritus ,10418
,3 · ι 11111113111901611111Β11111186,171011011111111760
Artemniasn, 16 ’ consuetudine 42, 8.,16 23 attulerint 189,10
artes 5,9192, 8, 70, 60 11 17, 66. 60, 15, 78, attulerit 191 6
1005191115 assidue piar. 180, 24 18.16513.146111011101111696
1111110168609630,1111111110111101111176,1165511 111111116485 ¹
93, 11. 184, 9. 668, 16 Athe-'848 avaritia 168, 3. 673,
6 ,451110οε 226 8, 282, 1116110161 21 9
articulos 197, 5 60, 300,1. 3151 6111111167,13,17,66,111111106 1
artifex 92 64 assidui 0111116404. 1 , 4691138117146,19.59,
11111101, 18. 272, 29· flatos 364, 11011- Athenarum 616666 2.207,5
Arvas 67019 bres 1087 178, 19 . auctis 149, 13. 181,
6101111116855698101010171,1 89, 6110111111 66, 1427, 3. 5
. 7 161,1,165,6.181,351139,17.46,101011·30,64.31,18,
,1111101101 18 13 ⁴ . 11117571111019511111,

 

