N

⁴¹* . NNNNN 9991199911.

N

victoria 991133, 33. 46. 3. 136, 31 9199119139,15 91919111193, 34
29,34,19. 71 1491691991111331334911911 156, 16 Nep 91911164,14.333,9
1191913191, 9999111919 11119919 1911111919 -

15. 3831 139,19 .·,919911111·108,31.196. 91911699135811

919199119111, 1.0 16, 9169991 10, 4. 40, 3. 146 16. 367 ,7 1191119,1191,39 ¹
19. 34813 39 ·.39 41, 13 66, 6.71,9199111111363,4 91ο1311999191916111395,’ =
35,15. 1633, 39 13 107, 39. .111,91991119116,.6331,33 9 · ·

victoriam 138,1.19.136,1 9199111346, 136411. violatum 177,13
140, 1. 171, 391691911116, 6.,9 14. 155, 41 ., ’ 919199119383, 13
174, 5 -17, 9 89, 3, 31, 7 9119911940, 8. 70, 33 9191996919 347 3301,

1191011111993 19, 93 999791 191,3111...999111 19 ,.

9191991691151, 18. 56, 83, 36, 89, 13 11191111113149493 9191991191· 33610
30. 63, 6744 916991 19, 18 31, 391969181711 91919911991199 3133

victoris 108, 30 136, ’144 34. 166, 10. 919619189131, 33.,143 violentius 1035 ’
1. 143, 31 311, 9 4 91919919 333 6 ¹·

9191611191 81, 4. 158, viderint 386, 37 9196191961961. 39139117, 5, 163818 ·
’,19 191, 111 338, 91699117 13 98, 33 99113338 · · 91991119 33139 ’

10. ’.394 36. 399, 7 viderunt 30, 31. 85, 919619996991 113 15. 9119919111 334 19

victos 59, 9. 71, 12. 4,3,47 15 , 348, 8 91999 32 15. 35, 10 36

· 79, 34 80, 7 10 916913737315, 14 9196199916961191301, 646, 17. 51, 35. 55,

919191991984.1 9161999336307,30.10 ¹. 30. 60, 10. 69, 33

9191119193 49 11 916191991347, 15. 306, vindicantibus 57, 8. 91936 360 8

91911191 5813 4.,3384 197, 33111911111111911 35 8

919191913339,1 91619391 1667 303. 3 3183 9113111930 9.137,4,

919199110611.1349161186141039, vindicare 33, 3. 43, 167331611 387 30
5.139,31.1,43 3. 5133914416 11 344, 13. 7199919911919911110116. 136,
341, 1934393417 91111199 3965 41,10 ⁴ 361173
15 , ’ 9169113191944,7 9196191991108, 17, virgines 99991. 7, 11.

9191989956, 36 9111619331, 16 919619169331, 1 33, 16

919199916819 viginti 38,.33.70,6.91961911193,33· 911919131613

9191917199 7,18. 11. 86, 1. 88,16..96 14 9111619913 684 9119191693 1843314
9. 31, 16. 33, 13. vig oN8, 37, 59, ⁴13 9111619319 11143 ’ 10
37, 534353, 33. 9119 9111. 944 919619911191304,13 9196191979141378 ’
6817 . 911111919191, 463, 79196193161999118432 316, 4, 6390, 31

91919991191169,16 villas 191, 38. 305, 1491961911119138, 5. libe 999191111991316, 11 ,

9169111110, 15. 333, 8911113 3073 , 9911111838 91931911311933, 39

91699919134, 11. 3691111 30, 31⁴ 30, 8 73, vindicaverant 36414 vjrg'mum 184, 5
36. 331, N'NNN, 15 17. 83, 37. 1448 vindicaverat 78, 15. 119919 184, 39

916939 49 30 9193307,3 6699999991149, 18 91999184, 3 333, 16.

9169111111 3133, 4. 91999913466. , 919619399911333, 1 3348 ·

·.93 13. 336, 15. vincantur 3465 91961911961991147, 4. 9111999. 33, 3. 1483. ’
3939 11191143,19·7191111999991.111111,19,99.119,,
9169119111 56 7 vincendi 75, 36. 93, 6999991991338, 11 4 169, 31, 35. 187,

19.11111111...9919 99. 39 1119911111, 99. 911. 19 ,’11

, · 15. 75. 37. 85, 7919991169 34 31. 68, 5 , 7191911119 3354
9913 · 17, 31. 141, 10 9196119111 63 15, 82, 9191111133 6,.11 43744

9169611143, 17 91999969125, 7 178, 1.,159 30 4143353135.)

9169869964, ll. 78, 14 . vindices acc. 56, 39. 359, 3. 63 ,35
16101 30 137,1691999961111173,.,4191 74, 10. 83, 9, 10. 91111919 36, 1553181111· s

111999913941 Ne · 11919 191119,11.911.9.

videmus 175 13 vincentes 1633 9196191691341 316, 11

916996134415 vincere 33, 8. 37,.1) 91961916 8719 911197, 1 33,11. 34,

9169911919 76 15 60,- 10. 93, 34 vindictae 1111418. 30, 333794, 13,

9169913101 9111999991 10, 15 35, 611 155, 36 1843

videntibus 49, 17 11. 178, 36. 390, 18 9196191119 3015314, 91919195, 6. 33, 9 43,

91699191176,5 91999999199178, 17 333811· 3,17 30 9. 68, 3. 73. 1. 100, ’

91691391 330, 3 9199919134,1.193,379199111191 371, 7 18. 139, 14. 147, 19 ’

viderat 8, 35. 333, 5 vinceretur 8319106, vineis 334, 8 9119 6, l. 8, 10,13. 15, ¹

916999 37, 15. 97,14. 31 ’91911383613931 13. 36, 14. 58, 13

19911. 199, 93 111.191,11.95.1.99.191 19, 11999. 9911111111,19.-119. N
..11119119319999 9. 191. Ns, 99 , Nom 191 N. 99 11

 

