¹ 4444444 4444004444.

mmm,4.w,4« iffi .1mm,4
¹ 144440 304, 36 1444044483 18. 318,’ 1404410180, 31. 3331443379 ,
laniatum 17,17 18 ’ 10. 3368 1441644133, 37 , ¹
14414144 301,.17 14144411398, 13 legatione 99 3. 1383. 14444101413, 8. 106, 37
14416411 36, 11 141411 137,19.337,11 130, 36 304, 33. 1404444185,10 ·
14411141037,17 iatum 178, 3. 311, 21 333, 8 313, 8 1441441644 33 18
1401414193, .l¹44t444·414n 84, 18. 168, legationem 39 9 304, 144 148, 5149, 33 ,
lapides 117 17 18 9323, 9. 353, 36 [440441118413 , ,
1404441311 ’ 14144444 159, 13. 390, legationes 83 33. 134, Leonato 133 413410
140440417916 15 38. 333, 18, 33 1544444444130,17
lapsus 0441. 183, 1. 1444141334, 18 · legationibus 84, 16. leoni 1484

341, 011 ι 1444146444 333 1¹4 88, 39. 311, 14. 339. Leonida 33 14. 54 5
laqueo 337 18 laudabat 179 17 13, 331, 4. 357, 3 1444141483, 3733, 30
144445130.165,17.1.404144414, 461.333,1404140444339333481440141404175,,15

34413 18 nom. 333, 17 18 ¹ - ⁴ Leonides 156 34·
1440141441644373,6 44044414222, 33 14041104440333, 31 1444441486 , , ³
144οι44 305 38, 31 laudanda 334 5 legatis 331939, 7.[40441444·4144,,1188
140441441644415, 13 1444140158, 11 76, 8. 88, 7. 97, 316404441444441146, 33
144οι444 44733 laudantes 75 17 4 181, 5311430340 1400144044 183 34
1441644141, 16 14441444 3409 10 3583 3801 144441444441387
144144449316 laudaret 1144 1400444444 77,3133,’1.4014144333, 17
Larisaeo 130, 11 laudat 1346 10170, 15 3888 1404419, 34
Larissam 79,ss .laude 585 14 0444443331. 39, 4, 140444, 46141. ·
larium 115,3 ¹ . 14441404 117, 7 13, 15, 19. 53, 7. 64, levandos 56, 38
144414147, 10 laudes 4445 33, 5, no· 3. 67, 370, 34. 83, levaretur 12¹5, 34
14440144496 . 4444. 117, 10. 171, 30 87, 31 90, 71444 173
1444141441444155,4 31’ . 104, 34 ’“ levia 3387
1444440414 308 7 14441164431,-10 1104141111 134, 8 333414414464389, 14 ¹
144444 33317 Laodice 148, ,33 149, 33. 337, 8. 389, 31 1164444014 133, 444
1414404431816 4. 3173 75, Ὶ11404144164,73883. 04414014144144 168,¹
14141575 · 376 37 3773378 343, 5.,3601 18· .,. ,,
144 ebant 56, 18 10 1404441164, 10 1114441144 185, 8
14146444 7 17. 31144 Laodiceni 379, 33 1404444444 4317140, 1164447444. 356, 10

14146444 3636 Laodices 175 5. 378, 30 354, 15 1104444173, 10 ¹ ’
141441443715. 166, 3 140 444 33,18.39,61464441444444416513

8 ¹ 1444411475, 30 90, 8,18¹. 385,3 11644411441141387,
14144144 3,31 513 1404446014 Μ110 lena 14 entis 103 31 06444441905 ¹
latentia 1834 4441335 140444113918 1164444844314, 17 v
1441444813 14444444 5159 140444110011 1464444144 3814 '
141444 31 674, 10 1441414316, 3 legeretur 57 3. 131, liberare 105 16145,
1414444114314 Laviniae 31413 17 · · 10
laterem, 36 Lavinio 316, 6 1404444644. 38 ‚174-,442 104444544410
1441441339, 14.· 331, 34144444481, 31.,14333 16. 61, 30. 106, 36, liberaretur 156,- 33,
1414 3057 ¹. 1444 316 111, 15 = 3634,
14411403815, laxamento 303 14 1401441074, 180, 13 iibeiar4i4i,7'
14440040004414417641444144 44444144141,14016044,,·.4531,113146444145714
Latinus'315, 5 816, 2 34 38,18,19.43,9,48, liberationis 63, 7
latitudinem 31, 7. 306, laxaverat 511 8· 30, 31, 33, 36 81, 4 liberatum 107, 10

30, lecta 044 3635 307, 83, 16. 1464441044 156 35
444 44 4„ 10 7.401.3,3738-1404034417,33 4440445444, 4445,
latrare 041401 undas lectas 13 13 14010444354,5 830,- 17. 303,- 8584, 30.

50, 5 ,. 1441149, 37 . 18 ι 44113 3,- 35 185, 30
1404104503 14441441144133, 18 1401041644.) 311, 33 1891314444143,
14144410ὶὶ4 187, 8 388, lectissim 44444 331, 13 1401444444 310811 6 ,

15 3031 1441044641. 149,3 14 0144413943 liberaverat 112
14140440443313451914410413 34 14011190 11 134, 13. liberavit 53 33

9 . · lectum 4464131614 18417188, 31.1164441336,15
1414044444381, 19 leg. 4,4110 4 803414 Liberi 044410 8444141,
mmmm mmmwwwfflss, m,mw
latronibus 149, 35 77, 4. 83, 19. 84, 4. 414448, 1. 63, 18 11644144641.86,1.,333

mmwmsmffimwwmmmaewmsw4

ΒΜ

 

