'mom 1611606611.

010 58, 23 0161166, 2. 171, 12 0111132913 , pactionem 878, 10
0101110160. 11 ornatui 98 28 0111112618 61010208,10.290,8
06061112, 7140,10. 0161161 111611 92, 28. ostia 88, 9 188, 4610161168, 9. fuerat
142,26.147,20.208, 60115116. 170, 27. 319, 2, 11 ,192. 36
1730810 . 171,’3. 179, 11·Ι 06173, 20 . . 61116161. 9, 23. 64,
onena 1661223017 010 1424 011023, 111,.8924107, 12. 92, 31. 105, 14
0110611101299, 2 0101101309, 5,.8311,2 9114, 11125126111610114811.268,9
0110611111142 ,14.296, 0101116309, 8 155, 4180, 14231, ’1611 6111161 59 6
15 0107016016 262, 5 1 Palatium 814 9
060661166127250101016012631 otiosum 47 2. 113,.1’11116100314,8
818, 1 · 0106111115, 8 16 6166161117, 3. 148, 28
orientalis 1143 01061110015, 6 0116161212 47, 14. palmas 148 24
011061111116114-,0 15 0161100102, 1 175, 2 868, 8. 884, 61116016 271 5
0110611113, 1. 118, 17. 0111116701.24,23.,116 81 , palmite 8,7
1’33.6.149,11.150,. 17 2182 ,1. nomin. paludamentis 1798
7 .’.0111101,21.761110 ’ Ρ. 6116110122, 27. 3091
Orientem 80, 12. 21, 193, 7 - paludibus 8849
, ’.,513225.162,10.01101111111326,16 Ρ11111111111111132727611661661324, 15
166,9 ..·0116111,17.127,13.610160112230 Pamphyliam 188, 8
orientem.166,5·' 320, 26 pacare886, 10 Ρ161314, 11
0110610196, 84 0116161616.166,1166011061282,20 0161160166 24, 24
011061105,8.·,55 200111161011247625861011616111011889 Ρ1611611161112μ11113,
74,7,· 99 25. 104, ,.901101351, 24 6101110111 286 28 11
16148141496.0111111011111137,7 paoe 2814 59, 5.616160110177,18
20511 810. 10 oo 1486 - 135, 16 183, 13. 6166060203 ,162513
9981825142. 17. 01061120 1 809, 2. 231, 8. 233, Pannoniis 2042
254, 4. 264, 3 ·01011116111111 126, 21 18. 885, 1, 800, 13 6166016128, 10. 185,7
01161609 31. 19, 20106111111011173, 9 322, 9 Paphlagonia 6111. 13 2,
288. 26, 9. 105,(1101111171118101119761001607 5 47,13 11. 282, 14. nom.
101495 ‚ · 22. fatigat 202 34 48, 7. 52, 4 57, 21 135, 23 -,
011616062819. 9801061616 8608 61, 14, 18. 77, 11. Paphlago 61116277, 11.
20, 105,15115 17. 010143, 86 45 275. 79, 24. 83, 20. 89, 897 88 2842. 286,
1783 ’ ’ 12. 212, 15301,17 179011 . 62884
’ origini ¹,196 8. 317, 2011161 15, 18 6101110111 668 Paphlagonum 277, 20
originis 1387, 149, ostendebat 87 10 pacificator 1648 61172 5.,78 13107,
. 7185 25 187,5 ostendendo 8846 pacificatos195,6 1.,184 15.140,5
(1118611111. 1772 0110600101212272, pacis 37, 25. 52, 66118616667, 12
011g0115.86,7.11. 14 ’ 56, 85. 63, 34. 76, parabat 5413112,
44, 5. 80, 8. 101, ostenderet 59 13 978, 6. 83, 21, 22. 25. 1385 137,11
1814825. , 01106110166175, 28. 90, 8.,106 1821212312οΛ
6111066101, 8 276, ostendi infin 8, 84. 1,84 11 6111611125, 8
131812 20914 6111101161026155Ρ1ι1611011101 116, 4.
06116111286· ostendit 1818 17,18 .. 13218
0111111123, 27. ι24,,4, 17 24 19 ⁰0,8,1'5. paciscuntur 478 pararem 15. 64, 16
514 “ .141, 85. 1.› 14190, Poeoni174, 8 84, 19. 810, 25
0111111116 24 25 19 Ρ10011 311,2, 13 pararent 814 25
0111613417. 3650110611111126613 Ρ1001031045, 12 61111061111219, 19

· 1351319871304001061166110202091010011116 211¹,248 611110116816 231,5

85. 809, 16 ’ 1728824 710016030911ζ310,61111016164,19156,
3 0161606676, 1. 118, 011061111011170. 18 9311, 89 72486
· 18.1,41 86. 174, 5. ostensurum 174, 17 61013 78, 4. 84, 246111111017
176251847264001061127516 1448152 25 180 parat 87, 2. 94, 15.
1461111061166166011061161 175,.11. 84 , . 18419. 3087
(licitam, 6011 vestes 177,o 71461177, 24 111111 11101161 147, 24
esse 179 27 ostentatione 103. 8610111661161428061111112498
ornamentis 147, 5. 30815 . 18 , 661111 324 20
177, 11 811,1 ostentationem. 199, 461016 84, 25 6111616611. 99, 5
ornamentum 72, 2. 011061061174, 13 pactione 79, 1. 146, 61111034, 6. 97, 13
19819 ' 01106698, 25 3 ‘⁴ 111169.189,.’16111111611101111
·111611116,17 ostentisl57,8 19412 2389263, 01112613
ο166111116111183,.29 0110611116 20 4. 255, 6 1ῃ , 6111111161 190, 8

 

