ι ’1116111 1111161160.

6116111116,169660106411361 insidiosus alloquio A Ι ’
9.,16917 6611111116,16.7,15,Ρ1611661119333 · C.

barbarum 337, 18. 18108117311,8661’111 74, 3. 661111. ·
33910 13.13, 3, 5.13. 3 38,10 (36600160333138312

1161661115 ’ 17, 33. 18, 3. 30, 1166111111 37 38, 81, 36611611 1416 ἡ ¹
Barcen 133 5 18 31, 30 33, 17 86611183, 34 cadaveribus 37 31
8111611166 1849 6611164, 13.37,10.1161611161545 cadendum 34, 56166
mmmmw4m,99m 99m9mo,9m
Bastarnas 353 1. 381, beneficia 33, 33. 59, 5 · cadentem 355 10
1 11. 134, 7. 305, 5. Bomilcar 195 8, 10 uidenti 75,7
111106113611 333, 33343, 13 bona 111011. 89. 30. caderet 848 ²
Battus 138, 14, 33. beneficii 133, 1. 154, 383, 21, 334, 5 caderet 5⁶ 17 -
137,8 , 95 6611161195 caduca 17413 ,, ¹
1161311309, 33 beneficus 45 7. 106,6ο116’14,3.43, 14 6611611163, 19 1.
Belgio 304, 17. 305, 19.117,30. 13668616661111119875 0106111194, 34
10 6611666169, 20 9661166 597 19 6611175, 38 91 ,,9494,
6611114,9.,.,,531311 37 85, 38 3437 66116108, 33 ’ 91. 117, 6, 8 153,9,
33, 8, 31. 36, 4. 47, 6666661666πί 97, 14. 61666166, 4. 61, 18 188,19.316,1,7
453, 11. 633066, 981,9 6116611163 ,7 6110611115,174193.
13,15.68,1.71,18,6666661616104, 33 6116111645, 99. 30610 83, 5.153,3 -
ffmwfflwmemmmmmmwmfflmwssi
mmw9mmmwmmmwmmmm1
31.101,3 967,1.,31410 306, 19. 307, 7,9 33, 19 59 669 6
bellandi 173, 3. 340, 8616616631617. 917, 3083 78, 16, 96
938413 7,13, brevem 190 3 6611111 rb. 71, 19
bellanti 180, 30 8616111666 916 3. 317, brevi abl. 19, 21 94, 6661611131. 15, 52 13¹
wmm9,9 4.m,w 33333656031
bellantium 994 36 86166 11111. 1616 . 53, 14 196, 39
bellare 3358 “ 8661661166 brevi 6116. 169, 11661116 g.en 3,.01191

33Η3’3Μ63Μω3’3,3 3,3.3,33,1ΜΜΜ3,3 ’

21. 36, 33. 38, 34. 61661393, 34 19 166, 94. 387, 19 .
19, 36, 3. 39, 17. bibere 393 33 breviorem 41, 30 66111153, 31. 79, 699,

30, 34 3119. 3361603765 6161163616 68, 3619 100, 3109, 6.'

38.,33 934, 3. 35, 6166611159, 19 nom 9884 169, 96
3, 15. 86, 94. blenmum 551 61611161198113 caedinm 107, 31.. 184,
6611161160, 16 biformem 36 36 breviter 8186 37 ’

bellice g-en 75, 30.80611181111163,36 13 8111111111 90 36 caedunt 34 1811661169

171, 31 bis 39. 93. 187, 91, Brundusium 44, 37. 314, 36
bellicos 1969 3319413 ' 113, 17 6611661111· 59, 31 84,
660166330317 8101711111 383 3 1111116310, 3 36. 304, 95
bellicosum 1898 Bithyniae 310 15. 319, 8111116111 196, 14 61616349.141,0.163
6611161161 inter 1161-1.954,7.301,11,1111111111391767.7.345,3.111111105

666 cecinisset 91 378, 7. 3845 19619 14 331, 14

6611111161 1975 Bithyniam 376, 9411111011113, 716001161131339044.
66111113, 7.,33 15. 379, 19 9867 31 ’ ,1111113999

34, 17 43 3. 47, 5. Bithynus 3199 8111061113, 5. 163, Caesare 3,10 1. 313· ,13,

56, 9768, 35. 71,6ἰ1111111666,13.49,8 8196, 16 339, 90

5, 78, 37. 84, 11. 371,14 8666166177, 5 (.61616111 309 16 311,

899. 166311461611116, corrigendo 8116616177,6 91. 319, 4,7

913, 6. 331, 10 140, 331111661181166111779 61116166 ,044
6616191433, 14034 bubulum 1696 (1161611319, 5

3635, 35, 3. 38, 5, 61666166161661111303, bubus 101, 14 ’ 01116116 90919

14 33 30.34,.535, 18 8666666161113010 61111 5911119919

636638,13.40,6111111161111“168, 38 6111116137 193.19.915,10

9,11.41,1.44,961611111111611169445 87116168, 36 359, 3. 991, 10

46,1153,13,34.61111111111611111140131176611111887 caesis 29, 26. 51, 15.

539 1618 85616111111186998, 591 130, 11 191,
6606111111 11 6. 93, 3. blandis 161616 1943 8 ‘ 113,3315. 9946

34357119330.616116660661116193,3 · ¹, = caeso94, 96. 386, 37

1033. 105,3..141,61111111111111 1111611616 ⁴ carnorum 9313

1, 1’4 1380, 8. pariter et 6116613337

 

