Ἀ 114

11313115 277,6 31111931. 100,1 ,11515511935915112191
hyemem 941, 97 313111111419 111111291611318 1111111175 28. 79, 6
ωωω1.113· m251mm1mm9wmzma
Hyemerum305, 11 31311115 27,4, 329, 4 161, 6

Hyperidem1343 jeJ'n110s985, 10 1111111121, 15.,3917,’ 311311111152107, ,

Hyrcaniam 114, 51511114 11 22. 57, 23. 172, 7. 15 .
288, 30. 9897, 1313111111 141, 19. 206, 173, 88. 227, 3. es· imag mes 988 1⁵ ¹

51421 , 10 2371621611 5111232334 11616111114160 23 '. .

31·151111111110,533311.11113125 , 1115111111511511731 113155111151539,20
330 5 3311111111 91 18 11611111557,22 119111111151115 809

11311111113219 13351511312773122511191 unbem 1056296 22 .

1135013111618 78,11.112,’12,158,1131111412813 1116401459, 21 71, 21.
1. 13113 2839114 8801121 13318116112282711,ο 11118816 21208 4

1511131191, 25 33116189, 22. 50, 7 1168181]ι 28ᾖ 0490, 7 8888? 288 8⁴⁵

3111115241. 10 3331311149.6.188,13 881, 18 1111611611 35 9323, 9

3115111110917.247,1111111120 7, 9,. 5021111116112424 1116111111 21 11. 7414 ’

9 255,1 9 11111114111272, 1 1116111111 2281
3111111149, 22 3313611111 213, 8 y 11115111,11.1,-11 5 1111111ο173, 14
3111116111 1505 1111111767 324 24 1111111111 1735
3111451311179, 20 1311161115 205 6 11118, 27, 29. 9,15.11111151161111118436
311151115124, 14 1315131114 1426 10,14. 16, 8 44,11111111ε11111416
Jactare 1715 1g11om1n14m 9594 16 · ,¹ 1111311111 362 ⁴
jactati 31111· 44241311011611111677 111111124682831111116256,2 .

304,14 131111161150418 201, 10 284, 6, 11. 2861111511143,7 ,
jactavit 204, 20 13 imitatus& 2
3111531111. 1348 1311142613 illos 17, 19. 25,10.111111111111141119, 1194,
3511111511. 31, 91 3111111151 129 15 45, 868, 21. 194, 3 ·
3151111125, 21 1 311151111122, 7 718 immatura 75, 17 925,
3114111161123, 18 ignota 1111.11111.125,111111493 11 , .
3111111111 2763 10 illud 13, 23 29, 3. 7,0 1111111113 gen. 234, 19
3111111199, 27 1711101121, 16 19120,27154,15.1111111111141117827

3111131131 122, 23 33111111 14213. 162, 8 2041522281283,111111151111204,15
31111111111119, 23 11121,16.139,17. 15 111111111513

mmm,m manQQQQmmmmmoe

1111131125 16 156, 6. 178, 10. 12 2
5151113071 305, 8 ’11111111 58, 24. 72, 1911111111111115 82 10, 89,
3151111308, 19 11111111 107, 19. 133, 821611. 10218 314413
,151111130810 13.137,.4 16411 114, 23 immensa ace. 311311.
1451111111Τ115115111306, 196421925295,111151151111111127,17 141,15.183,3,3(301
23.508,14,19 1. 280, 5 317, 19 illus 1111111313, 5 6 “
1611111161,111131111111161151524411 1111511111108 1821311111111111 1411122, 15
4939 111111516112448 ·9·111114115.,14148 19
1111111111 5153 1111115111111244,7 1815111542721321111111116 33, 1. 327,
1111531111Η11113135311151013. 175, 1511111111114717 14
3111111181161111- 2441531515 1111141115 19 5 3· 111111511148, 6. 355,
51112119 1111111244, 7 111151115119 8 16
1111153111134,121115111111511138 18 1115111759 imminebant 78,19,
21212 , 15,15.101,14,18.111115111111191,16 230,1
1111111634, 5. 943, 1 170,5.177,6.294,1111111120,027,4 imminente 57, 5 977,
101111681794, 27. 155531151111111313111412 6
130, 20. 148, 13. 2343247,1.287,11131151117514 {mmJnentes9097
154,10.157,3.193,2.1.116 89, 8. 285, 1113111111205, 15 1111511115 168 9
9. 216, 1. 233, 14,· 12 295, 3 1113-2111111251, 5 282, imm1s4re46, 16
’ 251, 9. 282, 16 111111311161111106, 15 18 11111514194,7 1833ο
111111111111107 1111161,25.100,21111117521 18
1111635,1.49,155118442146 1113111175, 197721111111111111 fuisse 91,
11. 4417 74, 2411111116, 17 3514. 7841 17
2,02 5 241, 15 212 63, 16. 107, 93. 228, 1113 1151113186 11111111111112,834
1521411117 322, 5, 6 01311111119126213, 111111011249, 9. 2921

Ccc

 

