Ab& 13333 7131186118Msj'

0100110110 3349 cc'cperat 316, 9398, 309,0 0011334113 .
1001110000 1314 .333, 16 cognationum 384,Ι 16· coitura 190, 33 .

88 ’ · ’, 0010107039 3- 69, 800911011060,37.95411010111 351 10
(3100110010385,9 115, 34, 333. 4. 101, 1108310109, (10101003514
000010100710707 33333 '3933 10 , 00111011000104.

9, 11. 388, 34. 391, 0011010111 36, 16, 68, cog 1101010111 91, 37, 308, 35. 397, 11

83941015395, 4 97, 19. 101, 15. 94, 31, 373, 10. 375, 0010110193, 35

9414063 11033919 305 4 ’ colendas 895 3
0100000090, 33136, 10 , cognatus 60, 36 99 colentium 1196

8 ,. 00010001381730171010914111100010101111061180111
Cleopatram 91, 30. coepissent 177 15 156, ’.38 188, 13 001131, 1. 334, 36 369,

93, 8. 139, 13. 380, coepisset 148 18 000011101113919331
· 10 ⁰91 13 39480001139813 413 1056113163, 110011011007114813 1

17 53,8.64,16.104,188,18 ” ’ collatione 333
000110108413 10, 115, 30. 117, cognitam 187, 18 0011111011001154,19 ’
clientes 158 38. 10. 131,1. 0001160338 collatis 36 11 ¹
Cliti 117, 18 · coepta 331 30· cognitis 18, 14. 38, 9. 0011010111 ,est 17,ss
0100 135 00 1101110, 39 ¹ 411687170,1.0011001010,5.319,17
(3111110117813418000010017111175,111,10,13918100110010358131
0111111148, 17 3341,3 ’ 141, 31Υ 0011034113 1, 35
clypeis 1191 0000101033, 17 388, cognito 13 3, 18, 88. collega gea 39, 99
clypeo 3003 11 “ 3813813 53, colieganum89, 18
LnaeoPompeo38818coepttio est 181, 14 35, 11313113, 11. colicgzsse 4499

30 co'e'tcercnt48, 18 116,1 . 0011080737 · ‘
0001000110111000700110100.. cognitum 33 1 01111010 1371 ¹' ¹

18 = ¹ co'e'undi 55, 16, 147, cognomen 363, 17 collidit 506 , ,,
Cnaeus Octavius 854 13 , ¹ 30813 ” 001000014014

4 coeunt 60 35. 90, 33 cognomento 185, 33 00018000338, 17
cnaeus Pompeius 375, 139, 30 cognomentum 1158 000101000106,14

13 coeuntibus 5013. cognominata* 00150000111111300,7 χά =
0011110100 0000111000 10, 71 1 001102818 34
0010100309 6 cogatnc 87, 33. 394, 009000100000711007,001100011119 911 1 ,
cocquales 3001977, 33 ’ 6 · 00110011110311 71111οο·

8 co ebant 3763 003000111101111147,.’13 10115530· ,

¹ 00081111123776713 0090600802158533ἒ3 0οἧ30101110100001318,08880011ἓ83111ἕὲ9817),10
00011010 00 eren c oqni ι
Cocalus 50, 30 0οΞ0100101358, 5 10,,0000111070004000110011301, 14

’ coccinis 1793 cogeretur 3611. 37, cof: 00010018101113100011001110 87, 81. 340,
00010813 5 17 333 3 ¹ 313 .
¹Cocloniannus 94, 35, 00011306 15395, 17 cognoscendas 1791400110001107 15311..

37 ¹ . cog 1101103099 cognoscere 15. 16 30318 ·
6061111038, 15 ¹ cogitantem 337 13 144, 33 , colloquium 68 33 68 3 Ἰ
00000180 .’ cogitantes 139, 10 cognoscerent 39, 35. 10 379, 8. 81537
co8git49, 11. 80, 8. 341, 38. 358, 18 16313 · 00111101011110011339·

93, 9. 183, 4. 197, 0001101001173, 17 cognosce141189,5 00111101078513

4.'333,5 cogitaret 3391 cog 1100011119. 17 0011111100 3618 ,

5110777101 337 33 cogit8sset 193, 31 cognoverant 338, 30. 0011011000 605
coelestiam 16 33¹, 11011184, 33 33314 ’ colonorum. 7,7
00011 19,19. 88, 300011111011111110 8786cognovenat 56,1·300101111361·7.178,6

·,375 30. 3084 884, cogit3tis85, 1 887, 13. coloniam 186 4 1549.

14 cogitavit 100 17. 376, eognon6re 194 13' 00161ιί00 116, 3139.
coe1058,1881.,1178 18. · 009007100011145, 18 15. 888, 15

1043410010 0091110183, 9 cognovisset ’,109 10 colonatum 154 11
0011117130,4,174,3οο1ξι1010331,9 11,316·00101·10107,19

37519 cognati plur 33, 17. cognovit 55, 8, 109, 0011107111 9503 ,
001100184113.191,184,333134313613 064161'6268, 6 3138

1. 309.10 cognatio 17, 6 7710 0016601000 184, 33 0010111111· 14638·

00000000 3534 cognatione 85 33 00110110611158,1700111071110330,34 ,
coenassent 193, 3 0000011071001113, 6¹ 0011011001 116· 3. 355, comen 188, 6
coeperant 37, 38. 163, cognationis 68 19 88, 14 ¹ comes14818.889,1

7 ., 3,33,09.389,1900111·071915 ¹ ·001110100901101,15,»14

Zz'ff¹

 

