Ι11166111661661166, ,

11116114, 7. 5‚4 1161161 67 22. 311,17 16161.44,16149,11611619,17. 90,11,,
116166ῃαῦ15 12116111. 1161611 10 25 · 11 ’ 22, 24 51, 1. 92, 24.
6, y90 nomen 9, 3, 5 27,2,110111111161117,24 9,4 24 151, 8 159,
61161320,Ι 21 3 5018 60,.2,10.116116161112”97 16. 179, 7, 8. 208 6
·611616111276,1 61, 1673, 91. 74,1161.1126714 2211418. 332, 4.
nix 208, 7 300, 9 10. 92,12 nova 661. 4, 8. 225, 2. 3246, 15
1166116111 83,8 86,9 116166613821185, 242,14.1161119366116281711611111166
11091111813. 160, 14 17.- 204, 31. 317, 9“ 20. 150, 14. 163, 5. 1167616116 deos vires
19919 · 1161111666 3011 fem. 396, 1¹35,10
n 611166410422. 115, 66611661311, 10 novae plur. 61, 1211611616 20 10 44,11
62055 6611116611130, 12119 gen. 169, 10 196, 127, 30531. 130, 3.
11661116 62 21 91, 5. 13 - 16. 228, 9 286, 4,·8
247, 6 ’“ 1161111667, 7 9, 30 novam 28, 19. 141, 66116683, 3. 130, 21

6661116666 ,.sem 968, 15, 1. 24, 33. 30,9. 14 “ 116111 plur 20, 8. 300,
3 ’“ j 48949, 1374,1,116111·61257,1 7..116144,17,51,16

· 666111161646167192,11. 85, 26. 92, 12. novarum 959 6 2263

12- ’ 95, 2·· n‘ovas 155, 2180, 24. 11611164, 4. 43, 13109,
1161111116111161117911 6616161245, 8. 304, 20313. 237,5 12 205, 24. 221, 16
- 66611661616612313. 10 1 116,11611124 2. 100, 24 286, 8'303, 18
, 2289 l -’ nominibus 45, 29. 101,14 ¹ 1161116169, 20, 127, 17.

0b1l1ss1m115694 144,18.147,7.,156 noverat 919 24 1 29. 232, 13 284, 24

66611166161673,16· 23 27927 285, 4 116161611αό1 83 6.,91 611116 11, 12. 37, 27.

66611116166161617, 2661161116 28, 16. 56, 21. 96, 24. 161, uls. 55, 4. 96, ,10. 127,

666111161611111112,18 6 101, 4.125,3. 116111.118,1.158,1 30190, 15, 19112

6661111668,11.17,139,16 6616166999 ¹ 294, 23. 302,7
¹ 221642· Nummum 1379 novercam 9174 6611111118, 17 19, 19

· ¹ 6611116416, 11. 147, 661161161666ε,11ηο6,.... 611, 1 265, 6, 13. 166, 6 121,

¹ 18 254, 3 ·,285 1166661611οό 11,15. 1.,2609 10. 151, 7. 19019.
6661111614114, 17 19, 12. 26, 5 299 news 104 18. 15613 191, 95. 212, 16.
1106111661 equarum 88,.1 11.102,13.224144491264,2641
8818 , ¹ 130, 10,186,3 ..18 30513 nullus 19 13. 156, 17.
- nob1l1us 2275 nonnisi 48, 8 80, 4661161669211185, 171, 5. 2086 223,
11611116611135,3 6 , 95, 16. 241, 5256, 11 · - 18301, 8. 324, 97.
noceant 324 7 8.,301 1216 1161111116 107 19. 139, ·,325 1
nocebant 107, 19 1166161661 3213. 62, 4 num 1020, 73,7
11661661 72 17 18. 89, 18 94166111616615011926611161117714
6666661449. 252, 1157.116,7.137, 12 66661611123,32
. 17 . ¹. 14144,13,146,2.11ο161162621 numerata 25, 24
noceretur 3976 · 155, 20 11,6166 5. 252, 19 numeret 282 14
·noc1e99,.3 127, 13. 666 16111616 143 22, 282, 22 numero 33, 3. 45, 24.
19411, 206, 24. 1.,32 435, 8.,39116166272,8 51, 2. 62, 13, 81115
¹909, ·25. 248, 7 17 45 99.,.557 58, novus 148, 24 214, numerum 37, 8. 41,
255, 5. 321, 6. 322, 19 ¹· ’ 22. 209. 2. 214, 22 17,18.124, 13140,
9 ’ ¹ 1161111ςί616111,5.256, 1161132, 12. 2086 24
noctem 13 15. 16 90 6 66161198 116661665919179,
¹ 1,09 3. 12513. 168, 1161116178 16, 6616161939 6237, 21289, 23
Ι 5 ‘¹ , 6666116153, 9. 9,6 8. 6611166666. 272, 19 Numidarum 264, 6.
’ 1166161127, 10321, 11 13813. 242171111661112281 284, 93
nonus 34 90. 71, 19. 2443 ’· 1161166111 23 Nunudas 1738
137, 21. 168, 8666661786 nubendo 197 17 903 Ν611114111 194 16
206, 21. errore 194non1ngent1s 9568 129419 1166166109, 18. 204,
17 nonnulla 71661 1271966661643 12. 1569 24
noenum 11418 6666616623, 93 ⁹54, nuberet 1843 numme 166 17. 327,8

Δ, 1166162911 396, 24125, 21166111675222,17.661111111666170,7.295,
1166166200 3 160, 6 κ 29411 -- 9
“ nocturnum 112 6611116111 965 ’ nubunt 953 numinis 43, 18. 82,

1161111 1024 ’1161111138 2,4 , 6611966111. 301, 17 14. 149, 23. 2544
1166661664 6616116112493 111146161218 Numitor 316, 9317,

11611611765 . ‘nota erat 17 22, 292 nudatum 41 21 15, 20 “
nolebant 973,ss 12392 ’ᾗ nudum 218, 4. 294, Ν611111616111316, 10

nolebat 936 , 1161111661].8,27.11.314,12 116611611317,15318,1

 

