,β 11111111 1111661115 ’

supplementis& 19 suscepturus 2545 8166661165 2452116116188,14
’1111133 ⁵⁶ 3115118585. ⁵⁹3 11161513 ¹ ¹⁵⁵ 5 3329} 11 9 111,
era , ae lo
6611116666664412 1985 Syracfisanolumsmu 818825. 237,4
45,.,.,20135102101961116111616 47, 5. 145, 187, 22 , 231,10Ι
supplendum 240 23 8.229,8 ⁴ 81661161116151215311611111111 43 19
61111111664410 1666116664742327 15. 183, 10. 188, 7 5111116325, 11
supplet 123, 21 suscipi 215, 3 Syracusanus 681 1116 210, 6
1611161280, 14 suscipiat 188 7 Syracusarum 58, 24,11166174,11
supplicem 106, 11, suscitaret 28121 187, 22 192, 17 1116611987
2626 suscitaturus 1449 Syracusas 18411187 talentis 66 20 ,
supplices 52 10. 145, 81111116 1327 9,1881189,1911161116111111124,25 ,
5. 178, 5 666116662161111111 21 19419. 198, 3 1616111116 106, 241081
6611111111 15113111 15, ,112 4610 8111166616 18426188 13,119191,3Π,26.6121,,
1111666116 ¹ 5 5 l
8126,5.158,461161[156611,192 Syria 115161.248,3,1.161661166114,25. 14Q ¹
1653111683 suspectos 63, 6 2682 2.30, 2 294, 12. 285, 4
supplicibus 226 12 suspectum 102, 16. 11.309,12,1411111111ι .1.111,11.α’11.166,;
66111111611671, 15124, 240,1, 249,7 274,7,.29132981 20 174, 20

11611116 111,,1111166116116111111111.6111,11111111116,66 ,
. ullu mu 1111111111 1111 1111 i
1116131666, 2441 1161616111111111111611

12 suspensam 254 14 268, 3 272, 4 2881116665, 1 .
6111111116161116193,9 suspenso 173 22 25, 31. 289, 15 291, 1111116630, 16. ·,44 24.
suppliciter 141,13,6116111611116612619 8292, 2, 20. 2941, 12815. 122, 11, 17.

207,611111111611124916 429818 297, 3,.8 197, 27
supplicium 162 4 666116166641,15.47, 298,,,2811305,,1611111111150813813.
1161161161116131ῤ161111ἰοί6666 90, 20. 81571168681256813122. 1781262123, 5475
6611166116 25, 16, 30. 317, 16 ’ 2986 292, 1, 8 6111116666, 15. 75, 23

18. 94, 8, 130, 11. sustentavit 1384 811117, 4, 268 ι - tauta 111111 fem. 16, 15.
..383131111.,11113133,111111111 433 ,5511151 33¹,

20.127,12.199,2. 2343 1,5. 148, 8308, 12
’ 207, 22. 213, 16. 6116161116 111,) 2186,5.,163 T· 8111711111ιὲ1), 1564319.
6661661163 237, 14 66611661272, 1⁰⁵ Tarbellis 32, 20. 186, 4116111116 84181048
333333333454 :3:33332333 ⁵ ¹⁵ 33:3313322 . 551615, 511555· ¹¹¹ ¹⁵
,6626611661 71,4. 78111111116116721171, 33343313 ¹2⁰9 7 ιω91131111..12277111,ο 1411,

. ’ 23 261, ult. 276, 2, sustulerit 323 ’ tacentibus 126, 27 12. 148, 2. 157, 3.

288, mmmm 1111111142,23.177,116111111112,16.11111.-1111132813
ειι666111616237,2 181685 1881119815 1111 11 6, 1. 20, 21. 46,
suscepisseut258,16 81611669, 30 11, 1 1161161116238 15 5 52, 13, 213, 4.
susce 211 78 20. 111, ξ11111111111111 1777 ¹¹¹⁰¹⁵¹43⁵23214731⁵3 228, ,1¹12 5229, 16. 1
1616611651186. 93, 14. 6111111 111, 209, 27. ω62193, 14 6¹ 1111111511111021171426.1

gm 2889 1161112781 tacuipur7120 83, 15, 17 287, 2332
611166111631, 22 111111111822181 4209 27 5021 15, 2669, 9372, 2 ¹
suscepto 98 8 217 5611111116 303, 20 tacitis 62, 6. 237, 8 tanto accenditur 295,
susce 1116166883 1111137616 11611611,11.261’,,6 4116116661 227,.5
, susceptorem 2283 sylus 1965 1161111167, 11 1611161246, 6. cer· ¹

27823 Ι1666616634, 27 tacitum 1111116.,1277 1161188166116161
susceptos 92 11, 197, Syrum 210 taciturnitatis 324, 24 69 2. clauus 254,

25 , 8111111666 ⁰84 24 16611111171585,10. 26111166285661-

’31817111113116111131 33⁵2¹3333¹34 1111111313 ‘
5 5 5 1 esuis
' 11.6111,16,101156,5111·116116411’152,18183, 262, 8276 22 2,88 146, 26, majorem
:ll ¹ 7³, 12 ' . 37126. majores 79

 

