11611 1111611111.

9..214,6 322,8 96. 35, 14: 39, 23.1)611111170, 14 Phasi 91,7
perpulerat 9509 42, 1.68,15.70,19. petebant 178,9 Philiomenem 277,20
perpulit 85, 93 76, 14. 89, 6. 97, 6. petendum 261, 3 Philippi 79, 17. 84, 3,
’ ρε11101161611137,3 98, 8 99, 20. 103,4 1161611188, 10 99, 19 21. 88, 16 92, 4, 8.
perrogatiaontnibus 1129254 16 2722 1105 . 96,1.97,15. 105,

241122 persoluta 2747 116161112359 ' 31111, 1411521.
“ Ρ61119,417,17.34,1)61161111159.48,9.1)6161116183198722 117, 4, 6121, 4

4,,17.36,18.107, 101, 23.-,130 15, pe,141 20172,,21.180 130, 6. 23. 132, 8.

12,15,27108,,’9 184, 25. 2369 19 196 27 22913 135, 21. 144, 4148,
1615515511191013,15155111517318 943, 113164 26. 151 1. 204, 21.

13, 22. 15, 19. 17, 2. 661161161179,24936616102465 223, 7. 232, 19 948

2210 25 16. 33, 19. personantibus 9068 petere 37, 5. 45, 17. 9.10.252,5

34,25,41,1.55,13.6616111618249,5 135,10. 136, 1.6Ρ111111)1)ο78,4,6.82.

56, 24. 58, 58. 61, perspexisse 207 24 178, 6. 202, 2, 15, 1. 87,14, 18. 88, 20.

22. 62, 8. 64, 8 66, perstare 1859 206192132 91, 13. 98, 21. 102,

567, 2270, 18, 24 perstent 1418 616161164525414 1711611

. 1161111920 25 1010 perstringit313,6 [1616161979212922Ρ1111166611175, 17 77,

15, 9. 38 7. 68, 21, persuadete34, 14 1561616111233, 10 19.81,18.83, 1.,91
99.76,13.9,7 5 98.1)611111661351845,.1 66119615 15. 88, 31,53. 91, 16
5.131,9. 132 20. 561817,17.15111>611616116825 Ρ11111,1)1)11673 217837
22252341299,71>611111ειο 969 4 1)61181·,657 21 79,18. 80, 4. 81, 20.
perscribebat 1865 116111111133614 1161ὶί61687,18508,17 82, 5, 18. 83, 6, 15

’ 66166116113221 pertaesus 988 34 petiisset6, 18 Philo 1396

Persei 249, 17 pettinacia 295, 5 petisse 1144. 320, 27. Philocteteo 177,1 ¹
1111511616, 11 pertinent 11911113, 28 Philomelo 81, 7 ⁴
Perseo 954 8 25526 17 petisset 999 14 Philomelus 81, 13
151615115631111,,611155616932131161161411 87, 15. Philopator 225 9 l

19 pertinet 174, 13 106 8 154, 10141, Philopatore 2361
661561111611011309, 12 pertractanti 979 8 23 151,Ιο 1593 Philopoemenem938l4
Ρ61161111611661152,8 pertrectahtibuo 7614 14. 169, 14. 210, 20. Philo poemenes 947, 7
. 251, 5 64561144 pertrectare 15, 16 988, 26 Philop poemeni 230, 2

peraeque ndum 956, 4pertuler1nt 1215 16111101911817Ρ1111ο11611161116 2461.

1661111168, 161941611131111666127623 119111361212, 2561

15. 976, 19. 302, 16 pervenerat 949, 3 10. 1114161141. 255, 13 philosop hi 78, 9118,
persequittir 967, 1216116111166, 14 1161114285, 2 2725 6156 26

29619 - perveniendum 11616166111699, 20 philosophi4147, 10
perseverandum 6616 911,8 1161111111 29, 94. philosophorum 225. ’

53,10 , pelvenite909,9 petitione 17, 18 127, 26
perseverantia 114144, pervenissent 44, 17 petitio 170, 20. 322, 3philosophnm 147, 21

8.nom 801, 4 11611611166142Α28666111111)152,4.281,11)11110161)11116179,9 ’
perseverasse 182 22 111917.238,176111111ο61418 101115ῑῆ11622
perseverntaest1184 2428 1166161291,1311191111611613527
perseverant 3958 pervenit 77 16. 187, 9538 , Philotasll7,25.132,5
perseveret 155 23 3292, 832620 petivere 31, 19. 59, Philoxeno 135 27 ³
Ρ611611111242,1 perveniunt 169 3. 61, 14. 63,,10. 1155656186101118,
76116111 249,.515250 pervicisset 91 29 155, 6. 204, 4 99 83, 24. 8421

1. 252, 5. 254, 12 pervigilem 125 13 1161118106130,20,52,Ρ111)661111611181,2.274,

256, 2 pervig 11112068 18
Persica acc 299, 14 pervigiliol37, 21 petulantiam 772 Phoseilsium 81,10 81,
Peraioae guen ,130, 7Ρ6111511111163 petuhn11157613 14319, 2

147, 22 6616111111) 139, 94 116111113416.67,2.Ρ1161116614513
Bersicam104, 12. 149, peste 170, 2 1,74 7. 259. Phoenicem 2363

5 177,12.179, 18 Peucestes 139 20 Ρ116111661165, 11
Persici 161646, 13. 47, pestem 3,7 21. 174, 14 Phalanti 1ο 45, 8 Phoenicibus 155, 8

3108,12. 1861 6116123115 Ρ1111611111111114418 Phraate 3046
Persi0638,5.118,pe11.' 6111616 2509 14511511561495 Ρ111111161290,,.619304,

185, 22 -611116151975 phaleras 118 18 6.,3051, 10. 3061.
Persicorum 134 18 pestilentit 13619.Ρ1161)161)1111111667 311,15,23.312,6
Ρ616161111)97,.,,399924 154, 5 Pharnabazus 57,16.7111161131213,16
persimilis 157 651116511117316 6611 Phraa64906, 7. 3126,
1111116931 ²¹2⁰ ο· ¹7 111111517718269,151’111111116111284,15 619

 

