, 671679915817 6996111185, 17 - 0197197777 197 15 ordine 29 2. 31, 24

79971 9979677977.

6016191434. 170, 24( 6667111209, 15 Ι7799769715761316, 10 101, 1324111419,

173, 20. 188,8.209,0667777976176781, 16 699 9761771977 12. 111, 19., 206, 13“

19 69684,10198,13 17.125, 20. 231, 5 oraculi 45, 5. 67, 7.·
officii 56, 14 88, 16967158, 20. 204, 34 699765967129, 18 7412 ¹ „

92, 2305, 13 207,1.294,17 oppressus 14, 9. 4167966116 2071
01116119 103910915696717767191777.26,6 15. 65, 2. 293, 1567967116 451675,Ῑο ;
51755 7911161, 11 01234311 56, 4. 57, 6777179 , 1,99,5177, 16¹
officium19415. 153, 23. 64, 17. 219, 25. opprimendam 55, 19. 6796619771 35 1643,

17 19719 3134 286 27 nom 1089 78 29 320 25 2111313612
61612613.324,4 67977710429139,699777776717167712551267919275,11.319,11
011171 .3,4 29731426. 617167197696169971771676117732,20 orant 10, 19. 83, 24.

83, 8185, 8, 12. 19179156, 35 oppr1n119899 ' 1'3416 1,, 7

-168,1. 280, 3’7 69676 439 6997691113, 15 orante 9849 '³‘
Ο1977191966133, 11 6967139, 12. 272, 21. opprimitur 214, 20 613114es98 2 7 ·
01977966690, 2091, 281, 15 oppugnante 9013 6797698, 19. 109, 20. f

lmm,mm‚Mmmwm,mwmmffl‚w ffl5mffi

114, 10 146, 77 55557 195, 9. 135, oppugnarentur 163,011163‚30.3140', 19 1
Olympiadem 79,12. 2⁵.237,1’7 „ 13 · 187 21 ’· ,

91, 19. 10514. 696776 93 11. 281, 12. oppugnaret 79 20 67911656, 30. 92. 27 ” ¹

143, 8. 20 298, 63137593, oppugna'ri 1885 oratione 30, 436 8
01 9799194182, 23 2 › oppugnatione 39,5. 103, 2..·’ 114, 5227 ,
Olympiadis79,15..‚85 operosius 282 18 1782 s 8281,14 (ἐν,

259212 112, 7097512, 8 33, 642, optabilem 144, 12 67911611691281, 11

7496 15. 55, 19. 66, 19. optanda 1133136 34410463'1.133,3o .·· ,
0196919591, 27, 31.. 69 1. 86, 7. 888 optandum 1117656 281 6791576771 977 ,s
’ 105,11127,13.ο911711728,20.59,2. 16 0321016399',4 ’ (¹
, 135,19 143, 16, 99, 6. 169, 15. 766, optatam 1631 01·4136370,10 (λ),

23144, 8,15 30. 267, 19. 185 ,16 optimates 57, 12. 311, 6191767166( 99, 6
0191119161 127 25 , 191,1, 26 19 67616716255,8 ’
0197691676, 24 opimam 205, 11. 209, optimatibus 15,16.ο7,6971184,20·. “
0197699677, 13 16 , Ι103, 12 orbe 103, 5.,129, 16)
Olynthiis77, 91 6916911196797711162691119917176232. 166, 20 16819 .
Olynthios 834 opinio 115, 26. 210, optimo 946 7 20413 ..
Olynthum 87 26 8.,2431 69(17719777140,9 ὀ71767771009107,2.
omen 127 20, 96¹ 6916167697, 10. 119 6911617920616 125, 3. 129, 20, 158, ,1
ominati sunt 238 24 206 29 258 15 opulentam 988 34 11 1716766177 8941--15
6111166168, 10. 215,7 303, 2307, 2. 325, 09016111( 22 20 11 ,
ominibiisl78, 11 19 6961671776 584 orbis 87 284, 7,l(1:²'
omisere 239 6976161167( 822116, opulentior 3259 95,11.105,4. 108.
66196796130216 25. 1691019015 69916617961711998281 13 11961996
omissa 71197. 125, 7. 691616619196,2625469616611111771168, 1 676119167723, 7. 24

130, 26 178, 20 9 opulentissimum 999 30

,1996 9,179,16.5559199,.,1691576 ,15 ..9959916131ν

aet 154, 8 eat 136 ,opobalsami 271, 1, 6 opulentius 43 7 173, 98 288, 24
. ,18 ’ opobalsamo 9715 opulentum 312 14 6766621412- · ,
661196114320. 103, oporteat 53 11 opum 66, 3. 103, 2.076116797711198,8 5 ι’
9997999616 59555797, 3. 965, 17. 199, 9 346⁹ 90131181163111 3,931 911 .
991) ⁷⁷³⁷ ,3....55 ,7163,,...7191911 f
0111336315611 169976977197415119, 10,23,9 17. 243, 4677179512 1722 1 p
omitto 1498 . 218315 humanum 16816 ordinatis 96) 35, 214 ,
onem 167 20 oppidanos 3097 17191651199197717116767717991619618817 «s 1
οη679777161217 6997661199 (9171916 61676 mint ordinaverat 1579
1,611619161313 ¹ opp 9.ο7111117ι52,21 276, 69966659191, 22 6761967718, 5. 27, 777,
6761919915 3171 25 674233 , 1516012.155,0
oneratus esset 948 46pportume 1987 679 acme plur. 5810 ordines 42, 24 57,.4 Α
61676493 oppiessae 804 ’ 156, 16. 6111151977( 100,14 ' ’

onustam 31, 11 205, oppresei98, 8. 61966167917961205, 1 674616, 14. 3,.123 3001

onus 223 25 oppressere 595 -266, 12 ¹ 014194319411 1
12, ’ 39, 16 99771504 17 oracula 21 6344 12,

 

