7887777ΕΕΕ874877.

extat 35, 5 · ¹ extraneus 384 21 87, 9314313143, 4444. 806, 4, «4440
externplo 3913. 258, 8771488777 3638 14 1 ” 140, 81.¹ 87774193, 134
14 · extremis 85,18 facerent 46, 16. 130, 774741778741775788113.

8474747448 46 extremo 748 44 878 48. 484, 8. 4584 469 44 77 47 etat .

9718813323 , 8 . 339,9 ¹· 39,1 10. 881 71, 6.
externa 4444. 149, extremos 74, 7. 197, 1478848713, 18. 16, 12 356, 10. 296, ’16
. 18 arc. {vl-444 287,19 888, 130, 14. 132, 178748 gen. 51, 34
3,,294 84 217,8 8477874139, 5 1, 184, 22 [laetam 148, 27.· 240,
8818777881, 19 8771488158, 1. 169, 24 178887848 2605 ,. 6293, 30· .
externis 42, 3. 56, 37. extruere 61, 9. 1888714 joele 87784118 178148 286 9 ’ ’
164,.1331. 16 233 87714877 3313 78777 circumseri facti 22, 19. 441, 5:
31. 293, 17 · 8778111111, 2 68778298, 11· 133, 5. 8 359, 444-
externo 163, 18. 301, exturbata 148, 40 1781781190, 30 sent 43 11. 196, 42·
22. 3028 8718888441, 21 1881741106, 7. 136,.12. 178 444444.1,17 10
externos 301, 30 877771 841,18 ·,284 7 · 14310 ⁴
exteros 142'10 exn 81 14. 188186487163, 16 831 1487188878 83, 2183,-
exterrrtae 31716 exul 57 9.,58 13. 63, 19 12
exterriti 50,5.186,1·188,17.216,24.18818148169,147186 factiones 450, 41
88 83818 , 317, 23« · 35 23,71. 389,15 6817884688 8888

8778811888, 40. 14, exulabat 3,2 19. 66, facienda 83, 3. 8878 factionis 146 6147, 9 ’

10.317,13. 3888 18. 134, 2. 187, 23 169, 30 .fac40 127 1939, 11,
¹ exterru44set 3886 847814878771395,18 1781880321, 19 96, 17. 141, 34181,
extinctae gen. 153, 8 exulare 51, 19. 170, faciendo 68 32 8 183, 8. 396, 48. ,
88117781777776, 1417718 12 495, 16 faciendum 8819 308 78677. 45, 6.,55 11.
’ se 72 23 y exulatur444744m 31116 1 - 128, 1318914
extincti 118, 3 8881846317,30. 63,148184711178736,11.71,17818410410730
extruens 50 19 , 80 89, 22. 133, 10. 17 ⁴ factum 56 7. 106, 26.
extincto 138, l. 188, 197, 84 1481888888. 85, 7 140,- 18. 2703. 388,
1.,308 7. 8143 8778176748 62 16, 22 facil& adverb. 46, 18. 15, esset 19120 444
extinctorem 158 10 exulis 45, 7 63, 37. 53, 16. 67, 13190, 156, 33 ¹
extinctus80,9 ’17,0 20. 171,10 26.198,20.205,12,148177774 444644'.¹ 81, 10.-
extinguendum 13, 3,8778114178777188171,5 15. 336, 10. 372, 6. 11.,3, 5. 454 6378,
55,11. 331, 3 exultans 117, 6 nomen. 77 5 13 ·
extingui386, 19 “ exultantes 1319205 14871874 24 8. 69, 17 1781447175, 37
extinguitur 134, 12. 4.,2231 . 1778417 236 20 1881477881,439 .
290, 25 exultasse 89, Q 1881118787713,15,42,211881878777 74, 44404,
extinxerat 275, 6 exultavit 33472 facilitas 93, 25 36. 194, 28· -
8771777477888771 318 88 exulum 68, 20. 4148717177771741 17878487123, 6132,
extinxit97‚l , 4,,36916 444444444145,10.144‚ 98781291088681
extirpato 166 35 . 1320185, 18258, 219, 70 1 .. ,
8711886181. 214, 36 . F. 5 ⁴ 1481881513219732.
extitere 84 27. 762 faminis 1919 ¹869, 16. 3,ss 7. 330,
extiterint888, 18 Fabricae878, 19 178164881918. 36,7 11. 8787136, 084787
extiterit 313, 7 176718778177, 15. 213, facillimis 79, 8. 441, 33. 187, 30. est
8477777788 83 3, 25. 91, 38 facimus 306 17 79, 33. 102, 84. 187, ,,
19. 97,7. 153, 3. 176718878788135, 15 17878848 2176 15739317·
15318. 204, 33.1764188717177,6 14818 871893, 22.· 146,- 18881188347, 19
3333 1186418188 lucinus 16. 225, 8 ’ 688117188170, 13
extollens 36 24 1..64,7 . . facinorosior-1559 facundia 16, 13, 861777.
extollentes 97, 3177174717 8983 1781778488878202, 88 131, 15. 185, 34
809,17 186818 plur. 40, 3148788815 681182914788108747771477279,4
extollere 1171 385, 1844430, 14 51, 16. 83, 16 91, 1718838 11
8776184873, 11. 139,4 136, 35, 2939 319214 11717887 1765 ,’
841843478867478154201717817474330, 86 facit 17, 86. 37, 10, 17111341, 13
extorres 148, 17. 350, fabularum 117, 88 49, 8 50 7. 58, 3171878618741,15.193,
5 fabulas 98 9 ι 68, 6. 77, 7. 91, 8. 18. neus. 1859237,
extra 90, 16. 238, 7. 17, 38117328, 1 109, 54156. 3 6
..2853 344, 20 355, 1717818877 26 16 49, 14 1481778153, 16227,16 1718115, 19
3. 294, 21 18681884 plur 387, 81 7487447784 10, 13171878 279 37 ’
, extraneis 638 facem 965 55, 14. Ι67, 4 8314178 27721

8717488184 178 1788781 14,11 8444. 83. 94, 15. 7744717471.177777 88, 8. 139, 3, ¹

Β176

 

