lNDEX vunuoRUM.

agebant 123, 25 agminibua204,3 98, 3. 100, 23, 241118188181818 19, 16.
Agebantur 131, 19.8811118137,8 102,17.104,1 11719
197, 29 agnitus 327, 15 Alexandria 185, 26 811874,10.87,12.234,
agebatur 241,Ι 27 agnoscere 126, 17 Alexandriam 106, 3. 14 .
agendis 685 83888118 171, 10 116, 10. 132, 6. 2888118 bellum tanslatu·
agendum 39, 6. 208288888119, 13 13 “, 1118227,12 ,
Agenoris 132, 16 agrestes 206, ult. 1188881118141181.2328188881 63, 31
agente 99, 12 881888328633820 628813 = armaturarum,
1888111881 , agri, parrer, 81. 8881881888, 1888 10. 88111888,
35111119111116011181381, 6. 186,16.Α1111171Γ1ο.113,115.“61111311111161.113,.17.
19.321,16 ,ι , 320,15 . 3, 4. 96, 20. 101, 6,,241,9 - .
agerent 43, 9173, 10 agro 237, 19 ’ 14, 17 , aliquam 241, 7
agerentur 99, 6 agrorum 154, 26. 155,1418118111118891,4129811888ηά6 20, 6. 120,
ageretur 38, 13 2. 1926269, 8320, 23 14. 320, 27
Agesilai 6823. 70, 11. 18. 326, 9 Alexandrum 6, 17,77,811118818181)8113,751,
72, 7 agros 47, 9. 24. 48, 2, 18. 85, 24. 87, 9. 89, 11. 310, 7
Agesilao 6810 59, 4. 68, 6. 70, 12 17. 91, 18, 20. 28808888188118. 212, 8,
Agesilaum 67, 6. 11.agrum 20, 8. 488 92,17 - 221,15.282,10.811,’.
68, 9. 69, 19 agunt 889 8118, mut. 6, 14. 71, 30821
Agesilaus 69, 24 aguntur 58, 27. 63, 25. 18. 79, 1, 2. 99. 2281181118 241. 8
aggerationibus 21,2 83, 19. 101, 5. 111, 143, 14. dit. ublat.a1iquem 169, 16. 227,
aggrederetur 205, 20 7 15,14, 327, 26118- 3
aggredi 9, 27. 71, 20. 1111118325, 17, 20 alluat. ring. 129, 17. aliqui 3813
100, 9 81110,6.15,15.16,119. 178, 28236. 3. 311,811118“1116,5 32, 2363,
aggrediebatur 108‚5 30, 13. 66, 15. 107,· 11 21. 240, 21. 257,1
aggreditur 24, 3, 36, 10 91111 19, 10, 11. 23, 1811181118 129, 29

33, 41, 7. 83, 4. 88, alacriores 10,3 381. 106, 9. 144, 5811888 39, 27. 90, 13. “’

7. 97, 4167, 14168, alacritas 31, 1 300, 16 210, 10

1.175,7 = alacrius 10, 12 aliam 107, 4. 141, animamarum
aggrediuntur 75, 22818181· incendium un· Ι3112162282 y 811888817819

t2501, 8. 290, 14. 310, ῃῖὲειῃ493ὶὲ26 alig} 4313513419. 238ἓ18ι11ὲ1ὃ1138 306, 15
aggressi fueram 58111811, soi, 818 8811881811, 15 8184181888158,
831183611ῐ733,’220 3111111 17391827 1118118181100, 15 811188 37, 22
aggressuros 137, 20 Alcetd 1386 aheni, 861. 63, 4. narrantibus 8, 24 .
aggressus, 811129, 22 Alcetas 135, 12 ¹ 189, 26. 279, 27.81“11111327.23
,gs 18, 1, 88, 11, monuimus 52, 15. 58, 11181, 8. asra aum 18, 18, 18, narr,
,821311 5818, 111,a 1111363181, 58, 8. 581811ῗῖ1586 {34' ¹4 81113, 8811. suro
1318111618, o, 1881138188, 58,18.551113111331116165, 16 81381133 1111681116
Γ81. 188, 18. raas 3. 58, 3. 11, ss, 57,81;ξὲἰὶ11ιὶ81 311214 anfftffl’ 1818. 81
{diffiditis 1 111111311182515 irenaeum,1'.⁹s,ui<=,lii1'0²'l.i
agitasset 83, 10γ Alcibiadis 5610 1929810 , alligandi 14817
agitastis 142, 16 alebantur 7818 alienis 218, 20. exin-alligarentur 201‚6
1811181... 29 11111198,118211110111191· ¹4¹·
agitato regn09, 14 418188118176,14. 78, 2726 alloquio 99, 23, m,
agitatus 104, 9. est 3,η10.91,25.92,29.411ἷὲ818 21, 19123, ,21. 193, 2111881188,
8311111310, 17. 281, 20, 2783181161111113311618111ζ8 dativo, 12ss 20, 131611111111111188111113
8831951173, 1. 112, 11 113111118111811118ω831181117111111118111461116 411611ἷ101810133120124,
agmina 122,2. 168, 5. 18811811(111106,24 aliter 96, 2, 41182 5 ·

174, 3 Alexandri 22,Ι 12. 2811111812, 7. 16, 24. wallum 8, 97
8ςὲ1111ιὶ18828 20, 28, 4. 30, ἑὲ 75, 30. 77, 1,1.2, 24. 24, 24785 211188 181, 2
agnini 881 11. ss', 211. 13, {i{2,},',¹¹,{?,{{¹,⁸3{·,{³·,¹¹⁵’⁹ iiiiiiriifli, 17⁷‚u

 

