. ’ s INDEX VERBORUM.

Γ 11111111990919 999,19.11999911111919199919991119119111919,99,
“ 911915,1,230,8,9.116,6 1111091901111198, 14 204, 26

90, 19111, 11' 9111191111 919 9 191091919119.191,1111111199193

911919 991 91, 19. 91, 9111191019 91, 9, 191, 19. 919, 19’ 1191111111 919 9, 19

4152, 18. 197, 22 19, 142, 28, 146, 26. amitt! 114, 21 1111111111 76 14. 77, 7
91191911106231209 regiaecujuspalrnamamittit 158, 23. 215, 78 24
911911,·111211111929,2 1911911111,0111111117,1921114 Amyntam 76, 9, 11,

147, 11. 222, 29, 3 90110901537 77, 16

294, 2,9 511. 296, 6911111091 37, 25, 57 ,1100101119 19,1,129,111111119919,29.11,9.

&⁸931⁷·91bi34np4u' 1· 89 17· 112: 16· 30 . 7,,81 111117, 251132,

ναι-178,1619234,113,.,915418,16811111193232 18
,9 17, his 2218019 91011910233.112,11111110,5.16151530
9119110969, 20. 83, 14911111169111111 56,17.116,11.121,13 13.35,1.58,18,61,

84,10,127,22,61“9. 11119 non fide sedamn99188, 14 241, 13 14 67, 7. 72, 23.

131,5 successu 1100491911-91111119251,123201.100,9
9119109611111272, 8 191192, 21 1 13 Anaxarcho 1258
alternis 88, 21 amicitias ιι11111919,11011911111111111324,7 Anaxilaus 51, 2
alterno abl. 896, 5 fide colebat, Philip· amoenitate 10210, 1379009119 22, 23. 36, 15.
altero 110,,216, 89,8 1119192 24 3271, 5..3201 103, 13'. 188, 18.
911919101615.43,6,91111919 9, 15. 89, 1791001111111910 136, 21 18315

61,167.146,17 194, 23 9111910119ἳὸ619.303,1111011019114828
9111991101111171 12 amicorum 91, 24. 93,5 17 anchorae 1498
1111111111119206, 18 91111909 30, 12. 60, 27911101· 12, 1451, 5, 16290911019110149. 10
911111011119119, 16 63,6.96,6, 10413 4 9091119199, 14. 277,4 ,
911111111050, 10 1011911110991314, 12 amore 12, 20, 30, 5.111911119144,16
altius 85, 18. 165, 7,1101191110148,5 75,16 9119111 111214, 28. 25733

30618 ’ 9101911111 12 19 116, 9911019111 153 16 Αυᾶ191011111303,4
911019 7914 117,11 910011910616,295,6111111191,10199115,17
· 9110911911, 285, 8 991191199810,284,10.9111919109,9 Andnomachen 160, 8
altum mare. 167, 19 289, 1 Amphictio’n 27, 2 anfractu 106,11
9111902516 amiserant 47,4 11 Amphilochi 326 2 9011110203, 12 32013
aluere 199, 17 , amiserat 68,18,,202 244111111111101111116145,1090109110 2138
911111116613 9111161931, 17 ,19911110111911111114491111119119913, 81. 33.
alumine 2721 9111991119, 21 26 15 34, 7. 36, 3. 52,
Α11111199124,19 901961001246, 6. 304 ,Α111191119119111103035 15. 82⁸, 6. 84, 20,
Amarasaem.167, 16 15 amphoras 858 88 102 8
911191101νό. 98, 7 ι9111191999 72 19 1111111911.11119,1 191111191ῐί971, 22 91,
91011101 246 6 9111919991 91 14 9911119911 11714 1615312
109110190152,9 1011911154, 22173, 179111 1119191103, 20 angustis 49, 150, 1,
1119110998, 17 901999909141,18991191901192958 195,8 ’
Ι9111911111 117, 23 66,18 90119199177, 10 angusto 327,1
’,411111001923,19,308,91111991158,24,68,16,9111111911111203,3 anhelantem 87, 7

15· , v 210, 28 101191191372122691111111119190240 88
Amazonum 19,623,91111991111 94, 27. 110, 14 90109819119111998428

30, 24, 214 5, 33 14215, 20 1011911321, 10 90109619119191261, 6.
ambigebat829, 17 1111119919 141 12 amplexus partzc 1,,65 32217
9061191901ιὸ 10 amissi 15, 5. 5226 192, 23. 202, 31 9011194111099913424.
9106119111 122 80 111,11.211,9 1119ρί119111 196 24 1222
ambiguo 198, 9. 244101191111119111 8, 9. 45, 6911111119 262 2 animadvertit 317, 5

22 . ⁸ 11111199192520.31,15911111119191911567 99109119202, 17
9111611194, 3 55, 9. 59,9141, 17.111111>11191177,15 annnam essent 139, 5
910111 101197 8. 127, 7 154, 23 99111012069 mutuatum 468
991111999991193]181111199919,16,51,109111111191·9699 9011111111 5314158,
9061110909159, 1 53, 21. 731312891019110191111911 10172, 141832.

' ambo 219 27 6,9 “ amplitudine68 191, 1711123109,

amborum 6716 amissorum 45, 24. 61,9111111111930, 14 43, ·.5 22. 884, 19191188,
Α1011109121, 15 2. 204, 30 53,10. 71, 231155, 5.105‚5.106,27
9111101117,16.122,11.9111199119111,1 22 90111119 46 5, 646, 77,

125, 18. 126, 31 amissum 189, 6, 223 amplo 260 8 8. 88,15.103,13.
9101910132, 19 14. 891, 3.,31110 amputari 1110199111 ·114,6. 216, 13. 238,
amicis 15, 1. 17, 20. 98, annuere 22 16. 1582 bent 206, 22 18

 

