, - mnes 1116611611. ⁸

' remittitur 685 289, repetentibus 319 requirentibus 166,14 19129811
’ 13 ² 1666166233329612168111161660, 24 responsam. 14311, ⁸
Remo 3179 repeteret 2639 requiri 294 17 206,15,18 269,13
remos 355 166611666141, 163257166661149, 31 respuus19, 11 „k
remotior 228 11 20. 128, 4 requisivit 737. 202, 3166666616 157,,,9950 10

remotiorem 115 30 repetissent 1131 161,111114 1.19,1,10,1666611668,10,289. ·

remoto 240, 19 320, repetita ablat 27ομ2 20,7, 9. 37,5, 14. 74, 12. 84, 19. 178,
12 29510 661289 10 67, 14 80 885, 4. 16. 199 17 26015.
remotum 282 13 1666111161611116165,6 90, 7.,96 6, 16 .,277,16.305, 10
removeret 131, 29 6661161686 rescindere 1349 responsum 1116 est 28,
rempublicam 23, 11166611161012 166616661661509 6 105, 24 154, 10,
62, 7- 63, 23165, repetitum est, 111161·- rescripsit 106,11 178,15.661177’,14,
18 184, 20 , 6116612613 resedisse 1374 ·,2582.11161111344.
1161666317, 12 166611411152, 13 166666613322 35,16
renasceretur 244 13 1666111616 75, 23. 1666661116 96 15 responsum 45, 19 67,

166616161167, 15 113,10.250,5 16661161661224,2 1841711210, ·

renovat 27216 repetivit 251, 3. 307, 1666116166 166, 18 19.136,15,16,178,
166616161187, 17 11 , reservatum 1589 8240, 3 2609
renunciasset 164,16 repetuutamirrrr, 71,11 residuos 218, 5 responsurum 243, 16,
renunciata 204 24 pugnam 3015 residuum 78 25 166666116657,2.61, 19
reorum 282 13 replenda 11611185, 6 resistebant 107,16 16661161661111,15
166611161219, 14 replentur 204, 29 resistendum, 9 sit¹ 1661616 98 15
16661161111116201, 16 1661611252, 22 281,17 16616166166116116275
reparare 141, 10 ,,16616194 21. 183, 5 1661616116271, 13 13 .
repararet 2115 repletam 1371 resisteret 1838 166111116614513
reparat 106 12 16616166252, 15 resisti 96 10. 198, 8 restauraret 31‚20.
reparato 66411.181,1661611111113,24 resoluti 75 14 166116161- 180, 93
4215, 20. 247, 21 repletur 62, 15 resolutis 102, 6 16616616161111112396
16661616153, 13 16616161111989 resonabat 19727 1611146111111047,2
reparaturus 189 19 166611611166207, 15 resonare 2069 restiterunt 18015 ’
reparavere 46 9, 20 reportanda 258 18 respectu 76 15. 102, restitit 122 9
repellere 100 20 reportarent 10812 25 123,10.144,16611111611111128016 ,,
repent& 65 30. 71, 6. reportaret 807 1 12 167, 9. 207, 14 16611166163, 17·
102, 121076 125, reportatus esset 238, 214, 12 1661116661331111611 ,10
16 128, 6131, 24 10 1666661116 stup 28916 16611111166111265 2
145,4. 148,23.155,16661111111200, 6 respicerent 131, 8. 16611111161116242, 13
18163, 5.173,16 reprehendit 381 14 173, 15 ’ - restituentibus 264 7
1666111161 107,10.1661666161111.10,21 respicere 1121, 6, 166, restituere ,62 7 278,
218, 8. ruorte iu repromittens 1888 3 15
161666111,62757 166660668925.133166616161114211 1661111161611147,3 ¹
16661111166611106354,142405 , respiciens 169, 27. 1661111161611111170, 21 ἱ
. 22 166601616297,7 22815 r restrueret 3443
repentinum 2102 repudist287, 21 respirandi 109, stertitur 1 fin 113, 9
1666611616156, 11 repudiate 1144, 233, 168,19 , 236, 10, 277, '61
, 16666116624759,5.18.116111294,10 166666066122, 20 3129,
119,7. 191, 2. 231, repudiatam 294, 21.16666111166116116206,81661111ιί1 4213 63,
3. 238, 11. 288, 20 307, 10 1666660616111101, 22 28701871, 189,
16661116102,5 16661116 (1161661610 responderat 1545 21. 94, 27 166, 25
reperissent 101, 24. lympiuderustiefrau responderet 260 13 278, 12.3,0713
129, 22 der 105,5 1666660611105, 17 reptitrritur916„1349,
reperisset 1096 repudium 91 19 16666111161111118,10. 2.,3181
1666111161251, 10 repugnantibus 1192 2988 16611161669,4.238,9
1666116661279 16661611166, 12 respondetur 105, 20, restitutiplur90, 1
repertum 169, 8 repulsus 212, 10 23 restitutionem 37, 26
166611111164111126,261661116661 102, 25.16666111116669,10 restituto 0116.9,2
repetebant 181, 5 117, 21 166 1611111139 6. 883 5. 1661111116663, 20
repetenda est 26, 7reputaus 1168 101,19108251661116111111 288, 39.
306,18 reputantes 967 126, 33. 164, 17. esse68, 23
repetendum estl9,2reputanribus 32, 2. 169, 24. 170, 25. restitutus 2012
repetentus 172, 8. 269, 232, 13. 247, 1 195, 2. 239, 16 243, 1661116661218, 9
17 requirendum 526 24 18. 2,.444 077,15, resumenda 696

 

