Ι

01711111 VERBORUM.

777.147,10 ” 2211. 76, 4. 88, 20. securibus 10,’1 006111000047187,15
001000026915 lli, 9281, 3. 300, 2securior41, 7 77007. 301, 19
001001100721. 28179807101705, 1. 24, 18 securiores 88, 7 seditiosos 116,15. 131,

14 2133 ’ 87,15 0000710071734Μ1371 28
scilicet 94, 24 146, Scythiam 13, 7 15, 8. 84, 19. 137, 20. segni admodum 259.

100404 18. 20, 17. 87,11. 184, 11 9.280,9
Scipio 243 186, 9, 28 securitate 107, 10. segnibus 16 25
Scipione 2437 80)’1171037700711.87,25 231, 26. 322,9 segnior 79 21
Scipioni 2881 80710700 gen 88, 18 securitatis 166 23 segniores 24 20. 193,
Scipionibus 243, 8.Scythicis300,1 0000701059, 4 63,4 18

329, 6 “ Scythico 299 4 000070137,18 0037710103, 9. 226, 6
801ρ107710253,1 Scytlncnrn 30014 0000700310,8 0097111025212666
Scipionum 243, 1 Scythiens300, 15 securum 102. 21. 137, segnitiam 73, 14. 181.
00170 15, 15. 126 28. scipso 142 21 20. 264, 15 8183,- 1. 2662267,
'22813 . scipsos 61.1 00000173ς18.194,13 9
0017077134,6.191,26.0017707770 158, 19 secuto 111, 14. 219, Segrobrigorum320,3,

241,16. . 000071 168, 25 18. erut 130, 5. 001 25
setrpits 321, 5, 14 secreto esse 243, 15. 103,15.0001289,23 seiungi 50, 17
sciscitantibus 348 secretam 20, 11 secutae 163, 4. 192, 14. Selene 295, 15, 16
sciscitari 60 23 00070110018419 291, 11. 0001158380100007 294, 8. 295,
3010042035 000701084,15.241,1500001772112, 17. 25
Scolopuus 232 000701070171,2. 279, 302,18.08800018010007 1493. 159,9.
80010110000150, 1 ,7 10 302, 10 325, 5 217,18. 302, 15
scorto 130, 11. 231718 sectabantur 208, 10 secutos 10, 7 203, 7, 26
0007107007,9264.15 sectaretur 218, 21 00001007 119, 4 80100010163, 4
scortum 91,ss 119 35 sectari 1049 secuturum 174, 17 Seleuco 132,13.145,
scribentis 32 28 secutast 2 42, 11. secutus 17 1.74,15. 11. 149,4. 153,
007160701153018131 327, 25 134, 4. 195, 11001 218, 6, 21, 24. 225,
scubtt9193915 27 0000170 50 1.,68 25. 38, 1 , ’ 5. 286,2 2302, 11,

106, 21. 143, 4 14213 00601000117718 13. 303, 10, 14
scripserat 10217133 seculorum 20 20. 23, sedata 194 6 Seleucum 158, 6. 218, ’

9 1012216. 325,1 006377112619 , 26303, 2
scripsit 236, 14 seeum 21, 41. 23,3.00(1034,17 80100000148 25. 150, 1
scriptorem 47,8 41, 21. 50, 7. 58, 00807020,9.65,.1113, 5, 6. 152. 23. 158,
scriptorum 31,9 ¹ 17. 99, 15. 107, 20. 4. 296, 9. 221, 19. 9,16. 217, 2 218,
0071010032, 25 142, 23. 162, 13. 2413 “ 1.129.7‚25.292,
0000107032, 23 168, 10. 252,16.00607717 3395 15. Callinicus 283,
007000100210,2 283,11. 284, 10.0011070771127,’20 14
scrutatori 777 7 290, 77. 20 060, 2. senes οη, 01000, semet 17, 25. 136, 77.
0001010000011491 308, 2810,Ιο 11.120,18.00000.262,·6
sculpture 1492 0000701000007. 17, 26. 44, 24, 25. 75, 13. semetipsis 6120

. scut-rilttur jocatus 52,15,173,15.14610.154,’13,00707000001354.,150

205,19 ⁴ 198,6.237,12273 168,6,27. 169, 3. 10 ’
·000107073,7 7 5302, 2776100199, 180, 24. 203, 13 semianimis 786125,
Scyllam 50,3 2 ” , 001176004427. 84,9. 16
scyno 132, 7 · securius 99 3 180, 25. 181, 2 282 seminabat 272 17
800110013,15.19,19.000004070 83, '9 15314, 6. 326, 1 8070170701 268, 4

21, 4. 22, 12. 24, 20. 000000001070010246, sedis 115, 3 2,86 17 SemiramidaeS, 13

35, 25, 5. 88, 16. 8 ’ 0001111067, 17. 10121. sempet- 14, 2. l9‚,815

305, 5. 3069 secundi 18919 130,26193.7 214933 7.41,6. ’
Scythicus 132, 19 0001177070 2371724560071717000 124 1. 171, 72, 25. 14, 892, 21.
8085227853242, 18808668617172506011171079 001161ιὲ7ῗεῖ07ἳῖ4 26 006656780155880. 156, ,

87,31. 299,.2 305, 2519 seditiones extinxit 15

4312,1 3 secundum 247, 19. 97,1 senatoriaegen. 155, 18
Scythas 1315.19,.9 324, 28 seditionibus 123, 27 senatoribus 171 ti

20,8.22,24.27.23,0000777100107, t. 167, 142, 15. 177, 13. senatorum 155, 25.

1.25,15. 87,17,19. 5 300, 2 156,1.168,4.,173

88, 3, 5. 276,16.000070777205,24 seditionis ⁴36 24. 99,11

286,14.321,1 0000017701. 89, 20 13. 128, 29 131, 25· senatu 155, 3. 164,1.
8071013215.0510100007777107129,26 2236 ’ Ι, 7,13.184,19. 188,

 

