100411 00000000.

· 10410104796193,14 Ionios 56, 90 4, 8, 9 180, 19, 93, Judae 968,11
¹ 100101048,9.81,11.104001ι969,3 95 188,17.190,16 1000141003
89, 99. 117. 99989, Jove 393 19 314, 6 1101100 gen 308, 9 Judaeorum298, 15
8 ¹ ¹ 1011001059 1101101175, 6 100004 967,13.96’8,4
'invidiam 6, 9. 185, 10014101, 19. 94, 96. 1001014198, 8. 941,6 19.970,19.979,9 '
17. 194, 9. 949,9 109,3,,11911.156,11411009809 10010060171, 11
’ 10001046 304 90,1,60 4168 8100100000 907 91 Judicantes61, 3.,¹345 8
100101041004113, 19 90911993101300004410 35 5 100104011604108, 29 ¹
invidiosius 114, 14 Iphicrate& 70,6 item 919, 4. 986, 7 1001040001 173, 11
1001010400196,3.999, 0400000 117 90 11009, 99. 37, 6, 18: 100101001199, 16
31. 959, 14 1140000100 79, 99 193, 6. 905, 90. 903 ,1001041001 13'9, 9
invido 186, 7 irae 117, 8. 143,19 9 · JudJcatus38,15
inviolata 89, 19 iram 64, 6. 91, 15. 99, nerant 6 95 100100 91, 16 .
10001410018311. 166, 39. 117, 13. 1,43 111101011169,1.185,1000001091183 15
94 10400091, 30 ¹ 1100οι0 adverb 57, 9011101004 89 99. 173, 11

10010101040440139741000000471,7 63, 11. 107, 99 146, 001014 49 95. 173, 13 “

1004410001 185,16.04401100155 99 90. 159, 99. 154, 9. Ι,00101604 90 9
1111191619 '¹ iratum 58,19. 147, 163,]3. 183,10.10010101719.38,14.

invisi 916, 10. forent 93 ,193, 4390, 98. no· 116,1 197, 10. 861,
98109707 ire 34, 6.7,.75 106. minat. 998, 91 6394, 9-,3354

10014101· 183 6 95. 301, 14 11010019, 7. 17, 95 1υο10148318

immwſtr5m2spm,½ οΉ01040οωωωη.’

949, 6. 395, 17 ini andos 164, 21 73, 9 150, 31. 184, 31, 639, 14. 40, 9.

1004049670. 988, 10. 110130100303, 90 .36 55, 5. 64108315. ¹

28011 1018013948 ι 1110004399.53,19.1849791618 .
1011012164 . 011100400060111944106,14.109,4 juga 136, 97. 904, 1.
100110 plur 100,2 4 ’ 1600114657. 193,7. 951,8 .
10011410 197,18 1010114118, 6 305, 8 1030041971, 4 ·
1041101 103195, 15. 0011411406188, 15 11004016, 93, 97 1080149, 15

202, 95 0100101190015 ituros 99, 94. 39, 7.JuJJum 00011084, 73,
1001101111001390, 7 100000013415131 190,17 93 108, 10, 933, 6.
10001114 part 164,13 9 Jubeant 155, 97 989, 93. 399, 8. 001·-

100110104197, 10 is ,.prononwn 8, 3, 16. 1060111141, 90 011 101, 19. plaustri ¹

invitavit 909, 10 16, 16. 59, 19. 60, 9106461101 193, 93 109, 3

mmeww 7Η.0’0 fflmwm,mmwwm,n. '

100111488,13 1400010469, 94 ’ 179, 91 936, 8. 1110000150,
1010104167, 16 1410019688 1060641 183 19. 336,17. fult 176 '
1000001016999 lsraelem 3689 10. 354,13 1000110309, 18 ’

1000100114167, 90 ista, ablat. 34, 4. 109, 1064641ιο 106 14 100011100οη1 7099 ¹

,00010010 nent ibid. 96. 171, 3 800004. jubent 63, 7. 70, 7111001οι0 85 94 ,
’1000101001485 1493 0 ’ 130, 93. 178, 6. 184 ,1001106401913 15 ,
00114 90 7.,3968 1410110004. 95, 10. 95 · Jungendae 9091
inulti 178, 99 88, 91011011, 951, Juhentes 198 95 Jungere 9094
mundasse 383 4 ’11 ’ 1064010145, 17. 101, 1001000189, 18
’100414101633 1410100010018714,16 93 “ 1οιιεὶ 153, 1; 188, 9. ,
1004001001001397,1414014951,3 1060100197714 901, 31. 918, 30. ¹
inustis23, 17 latrorum 9014 106010163,93.148,.4 98018 · ’
“10011104111, 4 Istrum 951, 6 993,’ 0. 960. 9 Jungunt 88 33·

1001010318 q 11010061111,9.,1191060001ιο·390,9 10ος001ιο15οΜ19147 1

1001111419.. 3 ¹ ,8,19.113,15. 195, 106016, 6.,10 1,14. 3 168,4
1000104905, 19 ' 9.160,91.163,17 14,1 7. 15, 17· 17, 1011100978, 13
1001499311 164, 6 177, 8 3‚179 13, 19. 90, 11. 33, junioribus 133, 21
Jocos76, 16. 99, 14 4. 196, 1. 198, 90, 16. 37, 11. 41, 18: 3000014179, 97
5011111969 1996 ‘ 90, 99. 69, 99. 70, 100110401906, 20
50110419 196, 13 110110 49, 1, 19. 50, 95. 77, 3. 81, 9910011010 8897
Jonas 95 99. 34, 95 10. 168, 5.177,6 87,18.88,11.90,100131·001311,95
1000400034980010.193,11.198,6.199,8103710519 100104401135, 13

0,0 smaemmmmmaemmmwnas

Ioniae 68, 24. 561. 997, 9 95 3193. 337,19

966, 91 · 1141100144, 94. 1194, jucunda 39, 13 jura 49, 14. 57,1. 77, ,

mmm · anwmmmmmmnammmv

 

