’ INDEX VERBORUM·

06010511(101153,5.,2211(101111 219 23 16001010103, 11 23125, 2 17311,
22 279, 29 16501161162, 25 1610000163, 18.103,5 151,11 .
1606 20, 12 25, 10 6016501101101 soret 9016001011 011013016161011011 1111110115.
. 23. 72, 24, 77, 11. 13 ¹ ’ 160100001919 53, 6921114,19119
117, 5. 130, 5. 1251651111111111111 268 6 24. 199, 1825211 4 306, 23 agna 196.
2 126, 24 adi 011156, 4 admonuerat 9,7 16 26 206, 31 277, 1
5 adeone 944 165010016316 admovebat 1705 16111011,5”1111.58,23,
adeoque 32, 11. 260, administrando 226 6 adolescens 13, 12 41, 199, 4110111 154, 9.5
10, 320, 20 administrant336,9 822915.,16113. 183, 27 237,12,·’
adedut 2011,31,1.1601111“1111111 51, 8. 24812 278 15279 302, 2. 05111, vala·
792291, 23. 183, 140, 23 17 ’ . 106100161051100304
3. 193,,12. 196, 31.administrat 42,15 adolescente 321, 10 31 .
323,9.sao‚4 administratio 28 16 adolescentes 278, 5161011100 9115 , =
adesse.10,l ¹ 30010 317, 20 16101111100191, 14
adesset 5247 administratione 272, adolescenti 200, 3.adversi, guen 3694 '
1110011152,9.124,15 16 2621. 1610111189, 3. 170,7
5 ,180, 19 , administrationem 42160100001111131715 191, 24337, 12 , ’
adluit 1287 24, 143, 5. 220, 41601010011110 2662 adverso 38 8. 55, 10
minaret 321110 3753 0. 276, 5. 315, adolescentibus 318, 2 advorsum· near. 46, 1
adhaesisse 49, 2 8 adolescentis 31, 7 70,16νο11111111,51105,, 20 05
adhibere 1428 ’ administrato, ablat.¹ 7.‚136 13 83, 24. 161, 9.‚191
1611160113518 75,16 160101001100101519 21. 301,1 ,
adhibitis 71,10.7616111101100123217 16010100010100113, 1016101100 aliquam 1111.
1284, 4 admirabile 22, 4. 19016010101019, 18· tis 79, 24. adversus
¹ 1(111511110,01111.2486 1 0605111000187, 15 hostes 1110110601
0611610610 46, 10 admirabilem 149, 1 adoptatus esset 193, 3 79, 22. adversus ali.
adhibuit 8939 . admirabiles 154, 4a,doptione10518. 159, quem melioris fidei
adhortationibus 19,] 200, 8' 2 3.,28311 01108218 .
17 23416 admirabili 264 2 adoptioiiem7, 18. 292, 1601110111111125, 4
adbuc4, 9. 5, 113011111101010707. 148, 3 adulatione 13,0 37
13,3,.,2484 8104, 35. 299,1 · 0600110011161, 11 193, 2 3356
11 admirabiliter 14 4 adorare 97 22 324⁰ 0 1601111000111106,26 =
1650061001 47, 11. admirabilius sit 100, adorari 118. 13 adulationibus 241, 26
82812 - 9 adoratione 118 16 adulatur 159, 8
611161066161161100016 nimii. ,
3 amia nr oe au am
1650011185 , admiratio 33 29 12146111101100 22 161, 13 .,
adjecto ,1464 1⁰. 148, 7. 180, 9116101111 124’ 10 adulterare 331 9
1616111111 177,13 , 192, 9, 11. 2719 attilanam adulterio 44, 22. 56,
165101117611 admissionem 6, 10.Α(110”112287,21 ¹ 13.187,18. 301,18
165101151411419. 97, 19. 179, 3. 2031161111011 32420 ·adulterium13,19f
267,12.295,1 18. 206. 10“ adstruxerat 1993 16111(010,110111011.12,22. ,
adj 1010111 988 = admirationi114,9 advectis 61 12 77, 23
1651010010( 135 24 admirationis 50, 1101100101. 01111117801011110011011
adiit 39, 16. 127, 31 206, 6 . 10 1601111190, 14 275,.3
163, 16 2612 1606110119, 10 16106161, 12 317, 10 320 29,
adimaros, 17 admisisse 82, 15 1610110,ρὶ110. 36, 9 adalais 137, 4
adire 287,1 admisisset 14617 advenas 19, 12. 35⁰ 0. adultam 311, 20
, 16111645 admissi ,5111111 156, 80 ·,1694 = a 161111110,11111.36,2’
1651111861 admissis 174, 23 advenienti 277, 4. aroannam, oblat 63, 23,
aditum plur9, 24 admissum 277, 3. sit 1 75, 6150, 7152,24
16500014,06141.1,239 4 9613 1610010011110182, 6 adunato exercitu 99,
adjungere 79, 9. 185 admissorum 145,7 16100101020720 15.113,17.201,10
28, 207, 26. admittere 100, 21 adventante 35, 15 advocata 002
165007119715 16101167,8.152,1 adventare 102 9. 166, advolasset 316 8
adjung it83, 29 admittit 16 31 24910 1124212 161011121712
· 1651101111 3082 admodum 41, 8. 75,1610011101247, 13· 1610164143 ,17
adoratam 211 1886, 2108, 141610110113322190001615011443
. 165010101185, 25 158, 20. 161, 4. 167, 30, 19. 36, 10 59, 5.,1110161000 97, 15,
adiutos 64, 18. 221, 316813 72,.7 98, 21 126, 17. 127,
17 , 16000101254 adremmon at. 119, 15161,7 .

,4-

 

’ 'istas Α

