¹ 1011111121110111111.

· 4115, 25 113011011110118421 deditum 212 14 (13130331884
(1111310161, 14 273, decora 113111. 49, 27. 0301111111111312, 11 defensionem 69,19.
15 17,45.234, 14 (1001(1133111193,10, 29328
03516261, 5304, 9 decore 107 24 2421 defensionem, 15
debilitas 69, 23’ decreverat 284, 5 011011011013124198,οε1311301219, 19
debilitatis 1111111. 257, demetere 45 9 13 defensore155,18.162‚3
2 = ' decrevissent 64, 21 deducerent 2216 defensoribus 122, 1.
(13611167, 18. 282,8 188,7 0301101438 209, 29. 303, 18.
0111019220033111311111329 deducit 294. 13 310,11
debito 219, 22 decretnadj.322, 15 deductis 2389 302, defensuri 82, 9. erant
’ debitorem 102 13 (113111013218123 21212.
debitoribus 12318 248, 16. 260, 6 deductos 118, 5 defensurus 7, 16. 292
(1161013194, 5 21730301010111111 131 20 deductus 3,28 16 est 14
debuissetll7, 11 11111111(1101110111283289,5 03131131747
0351111822 17 03011311110169Ν31500361130189 16
0303031135]4871600010111111111531.284, 12 ’ (1313111116, 1
decederet 68 25 3,.2587 deduxerat 52 11 defert 155 28. emit 3
033100312172,15,,03(1111··11111120, 19 (1··3110159, 18 62, 23. 03131111( 101, 6. 161,6
77, 10 94, 19, 124, decurrentes 172, 6 67, 5. 91, 3 194, 19252, 12. 256,
23. 167,1 decurrentibus 20, 25 03333387 20. 200, 10. 3.,287 9 ’
1130311130, 22.).44663, decurrerem, 11 239, 7,31 defernnt 32, 10. 44,
23, 28. 65, 3 87, 9 decurrit 219 20 220, deesset 23 22. 92, 28. 24 329, 21
10815 6 · 95, 2 107 8. 142, deiicere 120 31
decernitis 254, 9 decurritur 314, 13 23 deficerent 242, 13 266,
decent 142. 4 0301011101154, 9. 155, defecerant 58,3 ,,97
deceperit 241, 17 7.178,418. 217.15. 218. 2, (13113ε131 122,14
deceptaest127, 14 decus 124, 24 267, 11 0110111190 10
deceptis, 92, 31. 219, dedantur 994 defecerat 191 18 0360111011121, 6
14 . dedecore 63 24, 244, defecere 19213. 291, deficiebant 192 27
00030103266, 12 18 12 deficiente 31 3
010311113011010137, 1130101111 36, 12 defecerintil4,5 deficientibus 46,14
16242, 13.νι1111113030(11111159711,5031316111111,.,16198 190, 22 2905
198, 15 0303111483 209 36 19 036311101158,6.168,
(130316013111129, 14 29819 defecisse 91 59812 1927614. 29915
01031011258, 14 dedet-e 29, 28. 71, 15 defecit 191, 3. 255, 6. 0360136111011· 139, 18
decernitttr52,12.l38, 306,12 3021? defiens 167, 21
’ 7. 232, 21. 273, 7. dedere 10111. 153, 11 (13130103617 defient 60, 26
08015 dederint 204 21 defectione‘ 3),63 6 (13631174, 4
decernunt60, 7.,64 6, dedetit50, 11. 67, 15. defectionem 56, 6113631061 10
Ι 18 68 9. 14412. 79 3 88,1.199,222,3.2 221, 8,·031011113147, 24. 284,
23813 255, 4 16 126, 24 390, 20 21
decesserat 268 11 0303111111247, 17 321 ,defecfionie 19, 19. 97, deformes 52, 9
decessisse106,15 24 1· 5 302,14 0310101329, 10. 76, 5.
decessitiset 2312 dediderunt84, 25 0310010133152,8.,392 2884 “
0303361511. 58.1.οε1110111111(1111113184 16. 303, 10 . 0310311172, 25
9215127, 111861100111101113775 036011300010101. 191, defuisse 75, 29.- 179,
9 249 20 0301311332 6, 22 · 22 19
(1113101243, 18 030131301254 15 defendet 234 12 defuissent 75 24
decidisset 1204 03111333139,3.119,.11 defendenda 221, 2111311111 16.31,3.33, i
133101123514 1881028314 ,3,054 4 10361321.
decies 15214 0101311314212 defendenteme, 24 264, 6
033102317921. 178, dedit 11, 420, 19. defendentes 23, 21.(1311111011110, 1. 222,
15 26, 19 27 2, 431, 24, 29. 12. responso 1135
decimum 116,1l 244615.78,7.82,οε1(1100111111410 03610310150, 13
decipi 202, 82 486, 3. 89, 22 94, defendent 223 2 defunctos 126,18
decipitne 781 17.96,17 101, 2. defenderunt 65 8 defunctum 40, 8
declinanda 11Ἰ 13 123,1. 1349 defendi 11885 0061031039113
0101101000111111325, 4030111084, 24 defendisse 68, 22. 0361041884
declinandum 482 deditionem 19,10. 221,14.226,9 defuturum 155 26
11131111111121111013113111211131112051 1131111134111311
declinare 3,21 11 20, 121,15 (10110099123, 8. 2064 143712

 

