INDEX VERBORUM.

888111888197990 881888110996113 9079, 99-,89 5811888199, 8909.,11
genunt 39 7. 94, 19179915 93, 11. 94, 37 3091

99, 16 · 8888116, 8. 73, 9 77, 8181188188 934 10 818881889081
88811199, 39. 93, 14. 91 99,3. 101, 3818888181969 grandinem 303 7

94, 18. 95,5. 977. 193,7 81811811174,9 grandis pecunia 237,

93,13 gestorum 19, 1. 67, 818118181103, 6, 358, 18
8818818813996,1411918118, 18 grassante 197 5 ,

15. 998, ’.9 934, 11, 17 1995 8181181118 881904 19 8111888811 155 99 ff

984,1 88818306111118-81811888 nomin jem 818888188984, 16
8818111815, 3 93, 91. 18816717 947, 4. 811. 304, 39 grassatur 35 13. 183,

77, 9158, 11. 919, gestas 19 7. 117, 4818118811 3073 4

7,13 ’ 940, 9 313, 5, 399, gloriosam 193, 97 818888188018111141,3
gerebantur 146, 96· 3 . 8181188188 100 90 8181878111. 56, 30100,

173,.7 9196 088188888190, 10 8881881118101, 19 91. 93910
8818118194, 5. 69, 1981181196 5 0818188964, 10 grata 118906, 17

198, 9. 949, 14. 960, 88888130, 14 ’0881888165 ’ 81814, 104, 94 1

8 gemebant 3904 (1811111101,19,109,81111885156.14.180,
gerebatur 166 gestiebat 79, 9. 83, 4 ’ - 16.184,1.999,.1993, ’
8818811196, 5. 941,,1 7189, 8 296, 10 6811118111 101, 9. 978, 9.118181’11,,9911

18 gestus 43 7 60, 15 314 979 94 980 81811858, 10. 941, 94. 1
8818889810 913,5 6994791889, 819899- 943,17

’ gerentem 180, 18. 97 “ (18111188101,14,95.81811818993.64,90.

ge3134 , 88818851. 41, 9. 989, 984,9 ’ 78, 5.,99 95, 961

8818811118871, 18 97. 9503 (1818114194, 18 ’ 108, 90

881818 17, 99 99611 gestum 81819891 8188111183 8181181818 106, 94

gererent183. 97 915 gesturos 141 19 8151184315. 97,1 gratias 106, 91. 139
’ 88818188151,1098081811881571 19

8818181 11. 11.-35,9 18 ·Graecosem. 175, 15 818118118018

133, 18.. 166, 99,(1818111111909, 7. 9590181818 39513 1111818876, 17

0797 13 . Graecarum 196, 91 811118 81188914.

“ ,8118111 8183118111, 18 8188119 13 18811

88118171, 9 (3188888173, 5 11188199, 5.36,10.81811118193,19.297,7
88111143, 8 (1188881818913,18, 3,.79 49471,15.81818181188111199915
germanam 994 97 193, 14, 91 108,1.5 175,8, 10 818181818181134, 15
1181818815 983, 3 gladiis 944, 90 196,1, 314, 11. 318, 818181888811118 88858,
881818818888111118919, gladio 15, '1. 41. 31. 7. 3908 7,3 11

26 53, 22. 91, 93. 109, Gracia nomin. 49, 1 gratulantes 58 19
germano 990 9 5. 169, 96. 97, 955, 69, 16. 113, 13. 133, 8181818111 89, 91
8818188166, 96 v 16 , 9017989191381118181189447
8111118155, 9133, 90. gladium 93, 11. 144, 390, 91. obl. 19, 9818181811888191, 11 ,
395, 3 90 1 37, 8. 94 gratulationem 977,1 ᾗ
’88188181491709481811181955,14 618818 19, 15, 94 3 8181818118818104,94

. 180,13.901,1.910, glandem 3618 97, 5,34, 9 39, 93, 8181818188969, 6399,

. 18. 304, 95 « 6181181 1816 95 “ ,

0188888308 7. 3198118888118918115271 9 81Ξ811ἓ883ἓ9, 1276. 41: 81οΑ1118 ἔιαῖεσ.1196, 3.

. 1 .
Ι(181708811139996, 30 ξ1811010 931, 7.9, 9 51, 93. 56, 97. 11010904 5 ²⁵³8
8811383 327. 18 81. 18.-118, 1 1181881 77, 12 81, gravaretur 116 8..188
8888818818915,170, 19. 941, 95. 81818- 584, 6.86,5 14

11 888811118888815018818 98, 3, 35, 8818181199011
8888818117510193,18188881811811597 591656, 95. 180, 818181191785

. 811. 94, 91. 34, 3. 19. 181, 7, 10. 991, 81118 19, 5. 179, 16.

ges 8881879, 91 36, 96ἱ 38, 17. 58, 8,,3156 175, 9. 950 9
’888881115819239 17981890 (31888391, 9 gravem 10990167,

597511 818111118181311 4 1118881818 94, 17 37, ..15 9593
888881881904,3,,910 81811893, 30. 56, 11. 98. 85, 3. 73, 20. 81818837, 17. 51, 22.

11. 954, 9. 319, 7. 68, 3473, 95, 73, 14, 19 955, 1

3997 - 9,82,1,84,14.89,(1111888949738, 4818111134, 19. 170, 9. ,
gessissem, 7. 984, 3. 103, 6, 10 971 14. 103,- 3. ΕΊ103, 5933, 15. 948,

9939816 8181181115,3.99,16.175,6 ’ 339915
· 8888118881939, 15 38, 15, 48, 4. 88, gramina 979, 17, 81811845, 11. 77,91.

 

