111111 1111011111.

1111111117015 111111111160, 7 187,14 · 1114111111 63,Ι 24, 29 ,
1111111 116, 13. 152, tuenda 36, 5. 89, 4111111133, 14. 92, 22 11111111130, 15156,

27. 162, 24. 279, 23 590, 8. abl. 105,5 11111111153, 10 30.189,.3 233,19,
111111185,12 tuendos 204, 17. 209 ,4 turpius 88, 4 238, 7
1111111111118111111111111111111123, 26 293, Τ11111181, 1 111111111131,.1915615

39, 21 10 ’1111111732 3933180, 11. 187,
triumphato 299 8 tuentem 133 21 Tuscorum 17511 1194923611
triumphi 60, 17. 156, 1111111153, 15. 63, 8 ’11111118015 Ty rii 166, 28

15172, 14. 247 1111111123, 13 313, 61111 1111.185,19.’1“11111052,3

13 273, 15. 285,2 1111111113517. 161, fuat 298 5 Τ111ο1111110423,165,
1111111111158,7’.,142 13 204, 34. 232, 8 tutan 144, 15. 210, 6,7

21 . tueretur 60, 10. 87, 15. 295, 24 Τ11ο104,16.167,1
1111511179, 15 4,1174 111111303,18.151Υ170,21.228,6
Trogi nn Pompeium 111114, 5. 6,15. 10, ,,3173 111128614

32219 14.161,15.189,11111111142,15.41,4.111ο1111“11115,7
’1111119111111142812622115277, 99,15.1’54,16.1’55,11101111118710

24. 318, 2. 322, 17, 19. 298, 15 8,’190, 12 21211111116513
11511112, 19. 17511111111 51, 15. 108, 220, 2 232,7244,1111111111’5,5
ι 14315, 6 16. 2744, 6. 322, 1930511 1111111178, 29
Trojae177, 3. 324, 13· 11 11111194, 6. 1022 111οι11111124,,21135,10
1101111111.160,]0.11161158,19.223,141111111121514 Τ1111111145,19

165,14 11111111268, 1 1111111115.)19219197111111145, 25
'frojam 32516 1111111111 47 14, 124, tutioribus 226 6 Tyrum 29215
'lrojanis temporibus 15,189,11 11111511111511. 185, 4Τ11111185, 25

160,2 111111116316 1111111111119815 ,

Trojano 24 26. 74, 9 tulissent 26 2 1111111102, 19. 261, 6 V.
100 3 tulisset 29 2 2,11 10. 1116286, 29
21ορ1101283. 221, 7 26413 11111222, 26 9111111309, 5
Τ1ο1111111177,5 1111128, 3. 51, 4.,92 tutore 225 3 vacantem 219 2
1111111111111 166, 3. 2. 127, 15. 148, 3, 111ο111178, 18267, 211111111209, ’29
11116111215,2.258,10,21.193,11111111115017.160,11111156,17
10 2426 15. 260,1’3 vacationem 15, 10. 96, y
11111111111123, 6,3,6 11111129220 111ο1ἰο232, 17 16. 281,·9 ¹
35 903, 35210, 6’11111’01111111.301, 19 1111111111130,19.276,21111111115111277, 7
’ 1111101111148, 7 tumor 106, 2 tutos 204, 32 vacaturus 283, 6
1111016287, 14309,91111111111111126, 18 11111135’,5.62,21.111115697
trucidat 18816.192,11111111111103 241,1 11111174, 13. 186,4¹
5.311,19 tumulos 1003 111111945122, 10. 23811 1
1111111111 51, 20 1111111124,7.1857 1111121919 1111112787
1111161119111120114 194, 7 258, 11 111111 111231, 14 vacuarum 187 25
trucidatur 217,15.111111111134,17.84,11111113012 1111113511 ·
30915 · 2.,251 1 tyranni gen. 30, 12,1111112838
11111511111111276191111111111192,6. 96, 1562,11.156,17,111111106,14
trucidaverat 209 95 20. 154, 25 251683. 1832411111 bantur 308, 20
trucidaverit 117, 9 1111111 171, 8 214, 1911111623 vagandi 296, 20
1111111111111122,13.1111657,2.2’8,113355, 13. 63, 4, 31 . 111111113419
177 11 19,130,,,2214813.11111111539513 9131111855
trucidavit 13 23 233, 2. 248, 13 111111111155121, 3011 ε,11111276 10
1111111282 3148 ¹ ‹ 1111111111185, 15 111111οη286 16
11111111108,15 1111111111 103, 8. 107, 23 tyrannide 30, 6 1111111511205, 15
’111111111151.147,24111611111116415 tyrannidem 29 30 111111114215
trunco 1919 turbaturum 21'3, 6 ·,,1151 111,1.1111111511,119,11
truncus 31. 16 111181111111155, 10 183, 11. 214, 2, 20 1111115111111151, 143,
Τ111111111294 16 111111111143,15 11111111111157, 8. 155, 3304, 33
’1111811111 293, 15. turbinibus 27114 10185,19 valetudinem, 11115111,
99511 111·,,1111129022322,19111111’115’1, 2. 20 130,·13. contraxit
Trypho 267 2. 988, 33 Turnum 316, 1 tyranno 1111. 30, 12. 51, 183, 2
Tryphone 2919 Turnus 3162 16; 214,15,15511.1111111’.1111175,8.151
11111119 11155891111111 1119199, 11 1118
11113119 turpem 199 6 tyrannorum 51, 163 validam 307 7
1101511112οὸ8 rurpi22,11.76,4.12157,2165.16 1111ἀὶ1182426

 

