ῥ11101111113011011. ,,

‘pop ρ111115, 1022 ,20. 21, 120, 11. 220, 15710111011111500 0111111112οἥ 3
-,20 10. 42, 8.’ 57, ρο11101111110182,5 ρο111111111175,12.,231 potenti 104, 22
11 03, 27. 00, 1171101111 102 11 21 ¹ ρο10111111125, 20
110,17.153,10.011111112925.173,2ορ0111111111111758 potentiae 60, 0. 155,
155,10.156,0175,ροη11111118 191111. 011101112829 19,20.188,0,11
11. 180, 31. 103107011111102112ομορ0011111123,0. 141,ρο1001111030, 20 57,
222, 18. 20 9267 poscebat 2390 po30. 133. 99 ρ’,8. 31,18.127,12,
. ρορ111115,3.,746116, poscentem 283 1 possit 30, 11. 56, 95. 130, 25 ·
12172, 15266,1301001111105’21.291,191,12,15.228,ρο1011110108,23
ρορ11101οζἷ1 1612'17, 10 ’, 10.986,95 303,17ρο111111010111 03,3
17. 10, 39. 302 42, ρο10011111111167, 10 0011011100,,4.3013[1011111101011133,13
003,1’.43,1,5,,7201011110016 ροο10100, 2331 3ρο100111111111428, 30,
669, 4-73, 19. 73, 001001101305, 9 16, 22. 107, 6. 109, 23
13 92, 7.,041 posceret 12517 2 180, 20. 140, 2001101101111101188, 14
ρορ111011111123, 0. 27, ρο101171, 13 ¹ 164. 14. 237, 99 ρο1011111011111111316
9 35, 7. 03, 6, 936, posita nent. 901, 31. ρο11ε1110107,2 ρο1011111111143, 10
16. 283, 4. 300, 11 sam 325 0.,111101 ρο111117,2 ρο101111125,11,101,
ρορο11114,9.5,3. 35 9 postes-6191, 10133, 13 201 11. 2768
10712, 261105 ρορὶ11111111100, 10 26 5.149,10.168‚9 [1011111351226 25.
1133111111,0.11,1’1.311111013, 100111ροε1ε1ι11111112232 79,1. 01, 16. 140,
Im59, 10. 63, 34. 75, 4p 380, 20 postero 10, 9 23135, 9. 180, 96.
βρορ1111114ζ 4 74, 0 ρο11111123,,, 3 .131, 3. posterorum 75 13. 2022. 990, 9 232.
1,677169,11,223, 386, 25. 139, 29. 186, 9 1. 290, 9

5. 251, 2. 273, 1. 3261 posterum 41, 17 131, potest 109 18. 151,.9
m‚9m,fi.m. mmww‚mm3 ffwm,1 m,6.mm7

1286, 2. 287, 2;.1 po131, 10 [1,011111082 16. 171, 1 [1,0111111008 11. 102,
28314111000101100010111 101, 12, 26. postponendum 9347 17. 100,7. 130, 22

ᾇ1111011012500111205λ3 [1401101012301172723310017

0111111215100 25 posse7, 14 1510 7331, 26 202, 17. potestatem 13 1. 18,
1111111120, 21 21, 1. 32, 236, 3. 914, 20 1. 25, 10. 42, 254
porr1gerel96 153200 30, 17. 45, 3. 47,ρο.1111111111111170, 10 2. 86,12.104,15.
[001111 111320, ’11 , 2096, 11.101,1ο.οε1ι313111,110111 106, 6130, 7140,
[1011882017 [3122045 60333365335'11533 6611112168 17,6 935. 96, 2731911 ⁵36341493
1740, 18. 68, 23 001111111111206 12 4.,224 4. 9998 3998
1111101,Ι 10 6111101120, 8. 28, ’4 postremo 011111.174,ρο1101111123,15
’ 011181105217 [1011111110131345 2132216 · [1011011112615
01111204, 20. 3217 10 46, 3. 47, 39 0010110005, 8. 111- 4101101000
[10111110 202 32 214, 61, 0, 12 ’ , 110111101111111[1311111110130015413
· 7.237,17’ ¹ ρο1111140, 22 postremum 101, 23. potiretur 41, 0. 275,
0111111117,1311110311111871 210, 2200, 24. 203, 33103
1111110171, 22 ρο1111111ρ.011302,’12 95 [10111111111111131434
0101861290131001001110 20 0. 45,ρο01101111117, 5 33, 108412 106, 20.
122111321, 15 7.,873 ’ 715315 156, 31666 279,
‘portendebat 197, 24. 0011011101105, 5. 174, ρο11011811170, 10 1 2014183003
m‚3 5 mmmmmmmmwsmmwm7·
portendens 191, 22, 238, 11 145. 6. 214,,3 15 potita 6, 20. 256, 9.
2037 ’ possessionem 105 22 ρο111111110111180, ’23 01124, 2632 10
ρο11ε111118μο101, 19. 119. 3 ’1 ,. postulat 683 312, 36011060, 16. 16⁵‚71
1001312557 ρο11111101101245,7 ρο11111111105101111011111111316μο
8111011111οΙ, 13 possessionis 103, 11 3199 · ¹ ρο1ῐ111105,3
potentum 1570 135,3 282, ’10 postulaverant 113 3 potitus 110, 19. 149,
[1010010111 1843 38. possessum 986 22 00110111111104, 10 21. 107, 5. est 119,
3224 ’ x [101111101110060111111120311427562083
pon-1074, 3106, 10 possessuros 1131 postumus 49 12 601111001101, 10
20313, ’,14 205, 0. posset 13, ·.4 3,6 4. ρο11111111112502 01111147 154311,
207, 20 2002326 37, 0. 62, 10, 64 0111111058 21 8410 63,15.84,15.124,’
9 770 0. 81, ’5. 102, ρο1111111111115,8 16. 179, 20. 210, 2. .
[1011111111 853 5141114146, 1033031011 227, 3. 273, 14. 243
801600110563060,107,15, potens 199 1130410

4 75, 5. 8421 ,83, 0011111011 2810 3008 801101110Ιο0, 0- 1101112111

 

