1M1Mx 7555058Μ

6551555550 28819 6110557541,178515.655512769 ,’ 6551511129, 18.
festo 183, 86 115, 10. 163, 6 firmandam 998, 9 fluctu 327 9
festos 78 11, 323, 27 65510121228, 13 firmarent 190 9 855511555199, 2
festum 2,02 26. 286, 65575 22, 31. 35, 14. 6505551793 . 6515575115300, 15

20 103612011121, firmasset 1784 6155555106, 23. 113,
6515529210 8.158,13177,13 firmatispart. 165, 3 11. 304, 31. 309,1
6015155 252 20 6555 1,5. 20, 8. 23. 65551555517, 8 6555155 20,18.33,1,
fide 17,23.12, 13. 7. 31132. 47,15.657555555134,6 5 - ⁴

46,14.60,18.92, 18,12 , 65555115, 5 1155515521, 7'

25,187. 10 fingenda 27219 6555851823 11575555 3264 ,
6715151, 582, 18.,84 fing 55592, 25 6515155 495 · 65751555 131, 6. 102,

25. 93, 8.,96 9. 102, 6150515141, 11 617, 15. 56,1. 6915. 10. 108, 2. 123, 4.

19 655 it 41, 8. 43, 18. 65 3. 69, 11. 183, 151, 6
fide11or174 9 135, 9167 14186, 14. 293 8300, 7 1157082513
fidem 18, 18. 26, 5. 2 6811142,3.,623.220965110326, 12 ’ “ ’

46, 10. 184, 7. 128, 6751555 25 4. 85, 17. fixum 204 26 6855515 325 11

8 100,19.234,17.flage11mc25‚8 6577155308, 20
fides 575555. 39, 26 243, 18282,196505111515551555171555655812214 “

52, 6. 88, 18. 128, 320, 4. 3255 contumaces ceci 1081585127217

7 157, 8302, 4 6658451546 ’ :disset Cyrum soecundasaeM 323, 9
67110555 156,10 fimenda 2162 flagitabant 198, 22. foecunditate 44,10,
601551555214, 13 ,6515502706 22915 - 325, 23.
fide nom. 9. 25. 32, 23 finierunt 25, 15 flagitssndaeesse 1913 105555115155541, 11
6115015 30 25. 33 9. finire 92, 9. 122, 5650715551 1553 15555011565210,9

99, 4. 100, 18. 105, 214, 14 658115110551553 foecundum 75551. 19. 16

2. 117,3. 119, 26555111817 6571151105522. ’30 foedabat 272 10 .
¹ 195,7‘ 65155155109,1 flagitii 194, 19. 366,foedae 1715. 77,.6
6118575756920. 127,65515 2289 . 18 foedam 117 10.199,.6

28. 243, 6. 282, 1. 6555 10 26. 67, 869, flagrabat 2297 6

321, 27 73232 6585550655 2397 fundaturam 2284
fidum 367 65518 Mt 224 9 81855550 235 1236105115 189, 2
6555151133, 14 6516755505. 5, 3 18 238, 16 6511558201, 6
6515125 15 58, 15. 6551555555 27919 815Μί51862344,238100555 2529

84, 24 107,11 6516758518822311, 6 ·. 185οι155 37 21. 91, 924
fieri 1219. 123, 8114, 25 flammas 5515515149, 9100051555 288, 5-

10. 252, 3. 291,8 65111555 226 752129 1111171588 49 6 6511111584, 5. 91, 7
6055551286, 25 326, 16 5515558110 7011553311. 7618.
fig itur 184, 32 6516565 dat. 4, 9. 88, 6515551 197, 23 113, 9 294 22. 303,
6ξ810187μ3 9160, 6. 196, 24. flebiles 173, 25 9. 308, 6 321, 26
, 535.. 149‚1 385 88. 2411194211 269, 22 1871555556, 8
filia 511. 8, 8. 15, 14. 31. 69‚8 21 65551556, 2. 7, 12, 16,

999,159,19.'167,fin1tim0rum 23,14,651551515131120 ᾳ23.19,6.27,1.184,

8 ’ 15.173,2.296,10.685155124,15126, 53268 .
55.. ,,5. 5, 7 85, 17. 8571 ’5158 888, 85 1.’155555718883

89, 26. 77, 7. 90, 10 6551515175 126 11 1001555557, l.19,.4

23. 91, 29 6155155105 235 24, 29, 65111505 197 26 44,13.88,17·9,8
665558, 11, 14, 16. 71, 18. 75, 20. 85, 1151118117, 13 .. 15. 180, 2. 2121

15, 18. 17, 7. 77, 21.136,6 6551512214 ’ 105151555611. 7,10.

20. 79, 13. 91, 16516555147, 15 1155515055555655 321, 22, 32. 2420187,

106. 23. 123, 11 651115555227,3 3 ’· 7. 294, 94 5
615851015.106,18.6551015511.22814,60755615128115751515 105. 4. 111,

156, 9188, 28294, 288, 24 312,15 305,12 . 1015211. 301,10
9296, 5 finitum 145, 2. 1721105555 100,1.1 3341010585555 plur.8,95
1143,an 18.,75 so 10 r 8ο ” , 18

76,12. 91,24.115,651155 201,19. 2196555155 55,18.167,1551524112

24. 127, 18. 129, 4. 26 12. 222, 4 fontem 109, 7 13319

13613 65155189695, 5605551765519123 1056513622
617530, 8. 81, 2111, 169, 28. 2083 6555565515515299, 1210511555 196, 9, 241,

5 12. 61, 6. 61, annium 68, 23. 204, 6055511551550557824 13 303 19

98, 2219176153, 12. 282, 10. 304, 8 272, 8 foramen 206,13

13» ¹ ¹ 6565551147, 23 floreret 32129 fore 98 6. 3,5 1542,

 

