11111311 9638031131.

’0110113019 13139 “ · 2426 066601124110
orare 205, 7 justitiam 21, 19. 42, laborantis 231. 14 lacessebant 206,ss
,10151115 142, 9 19 laborarent ⁵1,12.170, lacessentibus 328, 10
Ἰ31101188, 13 justo 93, 14. 273, 2. 2 lacessentium 122,ss
101511001711184,2 277,18 laborarent 267,ss 116555616298,5
jure 19, 17. 25,,6. 32,]’115105 147, 8. 200, 9. labore 36, 9. 119, 191166051179, 19

7, 8. 39, 11. 11, 5. 5755 ’.155 29. 175, 5. lacessiti 001, 5. 000,

51, 18. 82, 17. 92, juvabantur 154, 5 208, 7. 281, 5 13. 0151001319, 7

22 307165124411 laborem 42, 20. 115, lacessitis abl. 263, 8
jurejurando 43,20.b4, Jovaodos 56, 24 3. 324, 19 lacessitus 298, 4

2. 84, 17. 98,,7. 142, juvante 87, 3 labores 196, 9 lacessunt 319, 16

3, 7 juvarentur 164, 1 labori 10, 6. 87, 19 Lachete 52. 3
jurgantium 156, 28 juvaret 2548 laboribus 22, 15. 4311617167130, 4· 52, 10.
jugaret 91, 32 juvaretur 266,11.290‚ 9. 71, 1. 115, 13. 85,11. 197, 23
,301711118511 25 1201322231 1067061076111126, 21
jurgia9414 ,3016062796 , 116011056169,9 061116111318292,
ι1111[ς’11111188,22 juvenem 40, 7. 70,6111167’1510,5, 277,9 11 5
11111097, 2, 90, 18. 130, 5. 151,4 111611117391016115775115 110,“2. 120,

167, 8. 236, 5. 258, 1016116123, 1. 4412. lacedaemon 22410 14. 126, 24. 169, 24

4. 269, 7. 280, 12. 77, 1. 100, 11. 124151061161116111 55, 9. 197, 27 ¹

312, 10 13 60, 17. 71, 20. 179, lacte 21, 16. 321, 24
iuriujuroudi 43, 05311511 153, 16. 2936 4 11665137,6.106,8 ,

142, ,13. 202, 6 juvenibus 43, 5. 115, Lacedaemone 32, 2411606227,11.250,11
3651067511, 83, 10.177,15,17.100, 5101. 55, 051751155107111

11. 86, 3. 15312. 3 8.179,5- 1011019313

· 182, 3. 192,19 juveniles animi 158, Lacedaemonem 39, 71111611 156, 1
jusjurandum 44,12. 10 , 43, 25 16010061113414

202, 19 juvenis 94,14.117,20. Lacedaemonii 34, 3. laeti 129, 25.178,9
jussa 77511161 204,15.265,1.317, 11515, 161515116510221 l
Ι3116561501 63, 34 16. 321, 10 46, 9, 15, 20. 47,1, latiora 272, 17 ¹
10516111209,14.262,]117611111572,68168, 12. 48, 5. 55,17.11611510,7.34,12 “

7· 2744 14. 210, 3. 311, 13. 57, 20. 61, 21. abluitis 89, 7. 244, 9.
jusserit 9, 20 3132 1766167, l, 7. pabuli 827, 27. all.
10056100117632189,1111661016 24, 3. 98, 68, 869. 3. 71, 7. 324, 25 ¹

13,247,15.28314 14: 159, 21. 167, 1. 90,10.223,13 laetitiae 70, 16. 91, 6.

jussi plur. 12, 8. 328, 180, 8. 205, 2. 237, Lacedaemoniis 30, 20. 111, 10. 202, 21
7 ’ ’20 39, 2. 52, 2. 46, 14. 1761111016 89, 13. 1638.

3110511129,20.327,16 10166101611123,3.29, 47,20-5Ῑ,25.52,18. 2022316105111151- ,
1 jussisse 240, 20 19 . < 55, 15. 56, 8 57. titiam 61111111 125,
jussisset 269, 10. 293, juventutis 44, 9, 19. 12. 58, 1, 27. 63, 10. 13
055015505οι 3071 50,7,15.71,1.15,15515 101, 10
5111111571001453661511 001, 27 00. 71, 3,17.81,11,1aet0137, 18.l91,15
4, 12, 24. 75, 13. juvisset 231,7 13. 84. 4 111100 310, 8
244, 22 Ι01110823. 11, 2. 23, Lacedaemoniorum 32, latum 206, 27
jusso 01051003 3. 05, 15111, 10. 15. 301515, 71505105151103.
jussu 115,-10050, 2. 111, 1000711051, 05. 55, 9. 55,,10. 155, 1510101110,
29215 115261132511 ’ 60, 15. 62, 17. 67, 8, 4. 218, 9. 240, 10.
3110511574, 1212420. , 69,11,14,16.70, 247.18.287,9.67611·
141, 24. 149, 21. 11. 12,20.71,11. 87, 10619753
erat 7416. est 9, 2. 111,14, 16 11111’110111129,5
27. 66, 21 labantium 139, 24 Lacedaemonios 56,10‚ winus 162, 14. 229,
justasem.151,8 , 1511523315 24.57,15,59,1.64, 5 · ,
,111516 gen. 177,15 labes 158, 2 3, 666. 12. 80, 10. lagenas 252, 22
justa'm 109, 24 labia 17, 13 84, 13. 975 5, Lamacho 52, 24 -
justior 1729 Labienoslol laceraacc.288,21 Lamachus 52, 13 16
justiorem 1526 106110-147,24 lacerati 17, 12 154,9
justis 121, 8. 221, 24 labitur 266, 3. 287, 22 lacerationis 17,15 lamentatione 169, 24
justitia 21, 13. oblat. labor 286, 15 1166711030, 1 Lampedo 23, 20
ι 51, 2. 270, 13 11601100118537222, laceratis 05. 22223 lamponium 51, 25
301111162818. 8314. 27 lacertis 100, 18 11117121, 16
109, 23. 213, 2. 287, laborantibus 154, 5. lacerum 184, 32 1011111117, 18

 

