¹ runax 1111611111. „x

mmmmm u amm &mmmma
terribilior 117, 25. Thebanorum 62, 24111111161175, 19 66, 16
275, 13 72, 10, 18. 81, 21, Thracum 152, 27 Tissafernis 56 28
terribilis 33, 13. 196, 89, 18, 98, 4. 155, 6 Thrasybulum 63, 9 Titanas 326, 25
23 Thebanus 73, 10, 81, Thrasybulus 62, 26111616 17, 26. 95, 2.
11111120, 10. 18, 22, 14184, 13 63, 14 ἵ ’ , 123, 18. 189, 8. 232,
2. 37, 17. 7614161611 61,18. 97, Τὴ11111111611327,10 2
116, 3, 10. 137, 4. 23968 Thurii 113, 13 titulorum 462
241, 19 ¹ Thebis 73, 21. 767111111661611177, 1 1116161171, 9
territasem.13,3 968 Τ1161161611“285,6 titulum 22, 28. 104,
territi plur. 57, 12. Themiscyreos 23, 4 111115 25149, 16262, 6
63, 24. 68, 1. 81, 23 Themistocle 35, 15 Tiberis 319, 3 titulus 55, 16
territis 233, 16 Themistocles 34, 24. 1161301, 6 111116111111132, 20
territus 277, 17. 281, 35, 17. 36, 6. 37, 5. Tigrane 28617 298, 1611116111319, 20
2129592· ’38, 1539, 5, 14 614 “ 161111661278,3
terror 41, 1. 125, 3. Themistoclis 31, 7. Tigranem 280, ,12. tollere 182, 8, 203, 19
. 204,5.210,10 36, 16 . 97,8 1611127616293, 10
terrore 101, 4 ’1111611611303 7, 8 Tigranes 280, 4. 284, Tolosam 2561
terrorem 6215. 204, ’161616163039 7, 298, 12 Tolosensem 250, 1
27, 206, 13. 209, 13 ’1616661613θῆ 17 Tigrani28,0,20.298‚15,t0nanlem 228. 2. 253,‘o'
terrori 52, 13. 139, 7· Theramenem 233, 11 Tigranis 280, 11 1ο111111130,11.324,25
206, 23 Therameni 62, 14 Tigris fluvius 308, 20 tormentis 324, 23
111161115611 161111361217 timoratae, 16 ¹ 16162965·
terruerit 122, 8 Therasiam 233, 11 6111611117,24.239,27161116111173, 14
terruit 282, 15 Thermodonta 23,4 1111161155, 17, 202, 9 torque aureo donata
11111112, lael, 35 Thermopylarum 33, timendos 228, 11 ’ deb 322,8
tertiam ¹105, 4, 31. 15. 82, 5. 84, ,20 111111611111111122,16166111111132625
“ 234,8 Thesaurus 129, 10. ,21 , 16161111249, 16
tertias 106, 21 254, 10 timendus esset 136, 8 torquet 156, 17. 148, 9
tertio 52, 23. 107, 20 Thesauros 129, 8 timens 36, 5. 57, 5. 82, torrens fretum 41), 16
tertio 16163166 111111127,1οῙ28,2 1994, 20, 101, 7161116111, marrae am· 1
1111161147, 847, 5.111111624,10 101113111197, 1111113217 l
284, 25 Theseus 2610. 282 155202, 10. 275, 2. torrenti calore 20, 14 1
tertius 159,10. 306211111ρὶ16 35, 11 “ 2767. 279, 5,· 18. torretur-3232? ’
tesseras 45, 29 Thespiensis 98‚2 294, 24 16111 plur. 187, 21 ¹
testa 126, 10 1611111181, 17. 83, timentes 36, 20. 83, torva mulieris 322, 1
1111111111283, 15 23116306, 24 4.237,6 1611111287, 16
testamento 64, 10. ’11111111183103077 timentibus 9624104, tota non. sem. 35, 9. ’
mmmm mmmmmammmm ammmma
1111111197,17 26.137,3 v ' timeret 136, 8183, ,71, 6.101,12. 127,
11111124691162872 Thessaliam 79,9. 137, 16. 214, 12 ” 19. 128, 2. 192, 8.
1111111611638,15 5 , animemus ’ 204, 26. w, 14.
testimonium 279, 21 111111111197,16.176,2 timidius 286, 12 312,,17
testis arom. 131, 20 Thessalo 126, 11 timidus 33, 7 ’ totam 47, 20. 56, 31,
Tener-uineas, 16 Thessalonicam 211,2 timore 310, 6 32. 286, 8
'sexenam 197, 10 Thessalonice 144, 3111161111 36, 15. 46, 1611866 ⁵
1111161189, 5 151, 2 4. 2147 toties¹ 97, 4, 20. 107,

.' ’1111111111130617“Τ111111161111114425111161616155,5 2714671716 ff

Thalestris 2431114, Thessalorum 79,9 111111111129,4 totis 34, 19. 113, 22. ³
a ,mwmmmmmmwammmm.i
’ thesauram Thessalos97‚17.122,1 4 -185, 5. 214, 25. 221,
theatri 2067 Τ11111111111126,13 111161111212,9 , 16 ’
theatrum 188, 16. Thessalus 125, 15.11111161181,20.210,11611115,8,14,3.55,“
” 247,15, ' 30618 11111611962192, 13 19. 663. 77, la. 93, ,
Thebanam 81,2 ThogariisSlib, 10 6611161326, 13 11. 99, 25, 165. 1,
Thebani 64, 3. 69, 9, Thracas 96, 8. 103, 2 1111611111312,2,7.11 175, 2192, 23
15. 71, 14, 18. 7211111111 ubl. 83, 1111111111 312, 12, 14 161617,12. 43, 6, 49,
“ 7. 80, 881, 17. 88, 1161113210 · ’1111611113128 3103, 5. 129, 16.
27 97, 25 Thraciae gen. selenicatorum 55, 15. 166, 20. 168, 19.
’111161113661.47,2. 11611563 56, 14. 667 mas
' 71, 10. 78,5.81,9,Τ61111111 76, 6. 250, 1111111111166, 8 totum 20, 12. 88, 5.

. W ,
a

 

