11101111911110111111 ’

mediocrem 51.l 20. 267,8 11. 218212881201911101119247
0108100118,13314801911101111110 12, 24, mercetur 66, 14 metuentem79,10.964,
mediocribus 58 25 29, 3 72. 20, 154, mercibus 876 .·,· 16 290 24 “
1118011106396715 merorum 49 24 metuentes 69,1,388,

251,1 memorabilem 307,1 meretricis 919, 24. 14. 88, 97. 169, 11
Medroi num 180 26 memorabiles 12, 14. 231 19,17 ¹ 188, 22 2106 ,
Mediio7,7.10,7,.8 288, 26 10011111010023 2,6 109109011009 37,19. ..

209, 7 300, 14 091001111111175, 10 mergerent 250 11 183,14·' ·

, meditabatur 9807 memorabilis 303 23 Mergtde 15 5,8 metuere 8419

meditabundus bel· 111911101119299, 14 Μο111111114, 10 me¹tueret 41,·19. 194,

1111112812 1110111011111111191801311101ς11111304,22’Ι 11
10061111012113288, 109001905623.104,11111ς1111101271. 15 metui 110111. 93, 7

34 11 ' 1110111111111908113-1110100196,13’102,27,
0101111110 16 5. 47,1 0001019925,5.29,16.0191111284, 24 ” 10414117, 24147,
medrus 91 ’4.,300 14 64,17.308,8 meriti 10,8 ’27. 154,6. 185, 25.
Medius 30814 109001191033127,0101111990,8.104,17.5109153126
Medorttm8, 3.·9,22 16.143,181481.0 264,18 1091119911 25, 8. 72.

10, 16. 12, 1. 199, memori.. 19, 10. 1101111111. 199, 19 19. 1111111 33, 8,

5. 308, 15 5.118,8.144,1811191111111132215 ¹ 4319 .
Medos8,4.10,25. 158,21.285,.9303,11111ο91.10.1101111111011111111154

394 20 24 ,207,15 · 1111011511
Mega6azum 76,6 0100111019, 11. 45, mersae 0619 Μ11111161 75,’5 mm„ 5³
Megabuus 774 8. 74. 15 75, 3. 95, meruerat 993 10 101 27· ⁰⁸
Megaram 99 95 1 01010911121239 migr'are 63, 29. 167,
Μο9110090929,4,14, Menalippe94,10 meruisset 219, 21 14

16, 22 26 Menalippen 24, 13 Mesopotam19m133,1migration19167,18
Megaris 104 2 Menander 1399 Messeniam 443 migrent 1808
Meleager 130 2 mendacro 156 24 Messenii 45, 10. 46 1111111141 26. 142, 8
Meleagro 13125 Menelai77, 16 . 8.,947 10. 2481 1111111960, 9 3259
Meleagrum 139, 25 Menelaum 7720146, 01999εηί1944, 1, 946, militantibus 12422
1119110156, 17. 72, 24 24 4,21 , 011111199324, 96

943, 3 mense 199 31. 184, 1 Messeniorum 44, 1101111111 6, 4 ’,9172
1001101133, 24 2241 214, 20. 304 20 46,15.47,.1 211,194,7.2’37,4
meliore 198, 90. 215, 7 mensem 127, 11 14'· ¹ 101111110209, 19 3¹9
meliorem 66, 20 menses 151, 20 180, Messenios 947 5 19 ··
10011019973,17.87, 18 messes 2071 01111111011920371

2010720 mensibus 278 14 1091111183. 11 011110191513 00,11,
1110110119 82, 18 0009100169 25 233 metello 9889 19431969913
m 11119 35,10,51,17. 9 ’ metallorum 3245 3,

9, 25. 99, 24. 115, 0100119206, 15 010111111123,2 1001141913ἳῖ, 36

25. 141,10. 190,8. mentio 948 Metapontini 177, 4, 01111111011Ν1156

911,13.esse67,16 mentione 116 17 7,·16 t ’ mitit ..verant 89,- 20,

130 14 mentionem 133,10.Μο11ροι1111’119113.8’10813 .
mette 91 16. 199,17 159, 24 165,5 Metapontum 1848 ’1101111211 18 79 l. 81,

’ 10911191.2 7, 6. 324, 3101111119 96 9. 99, 16 0111111119 091137276 9 1323

32617 i 1198191194 25 militem 186, 2188, ,
10010111963, 35. 136, 1091111116 7 Methonum 79, 19 91. 303. 15’ 1

3. 257,6. 28816,0101111109111011126551110119111111111·158, 14 11111119 371158, 8'.

21 01001425 10131117, 6, 8. 14. 138. 59, 5 62, 6. 691, =
0101011119147,25.184,111110111110319,9 25,11 44, 1750, 7318, 81,2110()¹

31.935,3 mercarentur 2046 15. 51, 25. 52, 4. 5, 14 · ᾗ
membrorum 1976 001011130115 5313595112, 13. militia 06141 87,10, ’
meminerant 99, 26 01010010111019 2694 7915. . 141, 5159, 7169, ;

270, 7 011111113311·14111101101 204, 31.¹ 10 ’
111011110134963,1110111111178,1.,3056,123214 011101015104220. ’

16 = 7 t. 1111101119111119238 73, 4 76, 5 96, 4.
memmerunt 58 25 mercedem 117 19 metuendum 228, 14 169924. 100,12,
010101999107, 19.1111119011111011111111211, 11111166, 20 1“4

221,14 20111109 2199 metuendos 18511 0111111110 666 67,19.
meminisset 1211 mercenariis 218 30 0101111925,19.60,1121411530.
01010155,15.219,1οε1·190011081,9.210,112765 . . 119⁰ 0

 

