1
INDEX 118118011οΜ

17. 197,1. 130, 4. 18. 35, 12. 49, 4. hortantibus 32813 188, 22 264, 16
203,18. 308, 3, 7, 167, 7 170, 3, 16. hortarentur 139, 9 hostilem 99, 97.109,
327, 30 ,“ . 921, 91. 994, 11.1101·1111103,10.233, 14
Herculeo 34, 5, 19. 980. 90. 397, 91 90 hostiles 43, 5. 68, 6.
191,15.146,19 0011110173, 4. 988, 5 hortati 5111111691 306, 9
1101001193, 30. 88, 0000001005 90, 8 35, 1101111101 9891 hostili 115,19.197,
104 95 154, 6. 398, 11 137, 7 905, 90, hortatores 189 7 39. 136,9.150, 10.
’3 . 99 915, 90. 330,11ο11111111·991.17,90. 188, 4. 905, 4.97
1100011598, 90. 119, 911 189497· 395, 3 94, 16. 33, 91. 34, 14
19 140 17160, 5110011115 96,18. 918, ’9.,36 93. 39, 8. 66, 0051111005 77 81,
167,4. 168, 5170, 90. 158, 10. 979, 16.107,93’. 115, 3
9917793287 15 29. 183, 28. 214, hostilis 858
0000118008 0001001015, 18. 17, 13. 994, ’1 hostiliter 89 21. 139,
110οε001000 679 »10 19, 17. 91, 9001111105 ’,05189 19. 11. 181, 91
0010001003 29 8. 95, 20. 977 96,12.10015197,00011573’, 8. 97,19
hesterni 105 ”,ἰ99 11 14 (.1,,106 96.107,97.
0051010010, 6907, 130600015ᾉο0 plur. 1185, 00110101930, 11 191, 9. 127, 29135,
111199 9156 95 158 18 ’ hortos 104191. 979, 4.138,5
5. oi. 145, 55, 24. honestates 55. 111, 10 1000155 28 9
108, 14. 999,4.,300 11 1101011193, 6. 51, 9. 10. 99, 90. 39, 39.
1 93028 ⁴ 0000518 orio. 94,19. 89, 99152, 9,.12 33, 91
mirensium 19114 15310 178, 22 19610 hujuscemodi 227 2
1111110115 169 13 honestior 93 10 110553, 11. 123, 2011005115 12715
hio pronomen 4, 8. 8, honestiorem 154, 95. 140, 17, 18. 173, &humone 37,14.158,
16 ’ ’ 187,.4914, 18 174, 19. 989, ’14 19. 199, 4, 16
. 0101111049,20.2,0611000005510115156,8 800, 18 0000051058, 90. 197,
6 0011051105 34 13. 146 hospitaliter 82 94 12
memma, 19 961597 hospite 320 11 000105511219
, 1110101998 honestum 145 8 969, hospitem 964 11 0001511166,1.167,.8
11101001110199 19 6 hospites 3208 2097 ’
1110014 51, 14 honoratiorem 43, 16 hospitibus 168, 97 0110111115 58, 16
hino 31, 4. 49, 5. 45, honoratissimum 985, hospitii 76, 13. 321, humanitate 166, 3
15. 48,11. 50, 3:3¹ 7 4 00050115115106,3
4 · 000015110558, 18 hospitum 7616 humano 13 24
0110111017, 19 honoratum (1001110 00510 29, 23. 34, 11. 1100010100 3083
’ hinnitum 16, Ι16, 94 91, 14 7,0 96. 9496. 106, humanum 158, ’1. 18.
1110ρί11530, 0, 16. 31, 0011010105 95, 9 19, 25. 109, 15. 120, 907, 99
18 , honoro 1464 613417 humatos 1011
’111ρρ010000563,11 1100010111 97, 10 43, 0051011119, 19. 25, 10. 0000115951, 7
1111101010 9410 14120, 8’. 168, 9. 31, 3· 36’, 90 4719 humi 993 99
Hip 1100101094, 19 999, 3 961, 5303. 61’, 3.,66 15. 88, humiles 9717
1111050002673300, 94 30814 30’0010111149,19.187,“.9
3 ’- 1 0011010545 9 73,1.110010510,14.13,18. 193,2
01001550, 1, 5 140, 15 105,’ 11 25, 12 51, 11. 51, huminem 219 0

’ 1115115015 023 ’1 honoribus 58 17, 91 6,7.,47 6,16,95.000111111111 ooo. plur.
³ unp ...1555515514 honorificem · 50105501, 10. 1551

s 21. 327, 96 398,’ 5. honoris 147, 5. 164, 70, 2 01079, 92 humillimo 2015

9 14.· 316, ,19 hosti, 99, 28. 69, 99. 1100010 pestiferogras
1111000100 9346319 1101101010 113, 11 108, 3. 140, 3. 146, sanie 997 5

3 393, 3. 394, mnenon 1675 21. 189, 4. 959, 93. humoris 50 2Ι

398,.8’3294,6 11010016,92 294,19,’966,1 00007,6. ’.8,927,.9
111505111511101995, 1 0010101038, 19. 274hostioi99’, 19. 100, 9 58, 7, 9 10, oie. 79,
Hispanienoi319, 15 9’ . 169, 25’. 179, 19. 20. 7’5, 9. 78, 25.
111501015939 7.’321,1101153811 202, 98. 314, 25 101, 97. 130, l

24 329,7 horrent 254, 10 11050005135,’1317,11γ11511101915011111·-ἒ
Hropnno 3933 histo· horrerent 2226 20. 22, 18 94 8. 2⁵} 011110 in hybormn
= 1110 989 7 , 0010110 955 10 5,19. 99, 14. 36, 111115010199011

001110100107 0011000101141, 6 27. 39,4 hybernis 37 19’

homme 900 ’8. 269, 11 hortamenta 4⁵, ’26 00501117818 hyberno· 85, 5
hommem 256 19 hortandos 103 ’19 hostile 94 7. 71,16.·11γ1155001013515
1001111050, 8 0.12,1101151110904,3.217,9 1069113,13.0)100150110990,16

 

