00601000000600. ’

⁰4oe¹· 001, 00 000, 00000000 locuplete 179, 00 0060... sem 00, 00.
16 . nucamenta 462 locupletes 205 19 288,19 ’
1060000 00601 24 3551 1100060011015, 7 locupletissimos 133, luctus nom. mg. 85,
16, 20, 81, 5⁹ 94,2,110060000100600 6,4, 20. 188, 19 10172, 12300010,
17.109,13,15135 317,17,327,13 1006 0101106060 300,167,15.259,33Γ
3,,4141 61ος66148, 6. 149, 24 19 1606002989
1060οι000 218 27 1103600136, 11, 15, 23 160000 156 17, 171, 6, 16061160 275 11. 298,
1060000600650078151000 3246 193, 9 219, 19 320 9
99, 24 152, 7. 215, liquor 196, 9 2332215 106001009, 6
4, 224, 28. 66’,000 11101106001110178, 8 100610 2229 ludibrio 13616 277,
0 300, 36 1010001513 locuturus 00001109, 21
liberos 06001. 21, 10 literaturam, 3.93,,7 11 , 1661601600 91, 010701

’. 35, 21, 78, 11,14, 1272517923 100500110022525, 1621811, 26613

94,11,274,10300 1010000 735 218, 14 159, 4. 87, 4. 141, 16610000128
180017, 221, 730110100ιο 106 2, 181,,7 5162, 10. 206, 26166100·οω00 76,2
15 10 ἶ , accus. 99, 21 1661000561ου00185, 11
1160000063,31.122,.27 1111032, 12 long ae144, 8. 154,7, 1666061114, 20
233, 8. 2343 ,1111600 286, 43 251, 0117ς307,2 ludo 00002061
11600161056,207714101000 1221917511 100οἕ 001044, 7,,45 13.1660060073,15.91,2
82, 7. 105, 5. 190, 911100011660123,6 61, 13, 107,12, 114, ludos 899
[1600101003727605 11100036, 12, 99, 19 15184, 11, 313, 3 160181, 5, 250, 9
6632170,.2887, 154, 20173, 24100000000416000316,6160011600158,4’
4, 89,6. 90,15 1901103229 1001300133, 17 luerunt 25 13. 219, 27
libertati 62, 12. 80, 5, 111001660124, 27314, long 047, 22 68, 3 lues 174, 19
241,2 - 12 3250, 21 0 89,1 lugebant 223 19
116001011030,15.56,29,1110010237, 18 1001910660 acc. 5, 21688601197 25
6315. 96. 3. 111, 11101024, 5, 165, 9 168, 299, 16. abl. 178, 5167800110171, 4
1314821411. 1612 210, 3, 227, 16. longmquae 96 4, 99,16ς,6600259 2
6102015 251,ss ¹ 9015012 lugubres 156 11
1160ου000165, 16 11010281, 13 1003106282, 17 160660114411. 167, 21
11600610, bacchum, 11000600 289, 23 longis 24, 2 1610000180, 11
. 308,3 loca 52 21, 85, 7, 89, 10ος11661000021,7 161115, 3. 81, 15. 133
6616160279, 16 ·,4 104,18.123,7.10ος0180,13 19. 153, 9
1060600000 187 7 302, 176, l. 204, 5. 325, longum 47 18. 244, luna 255 5
, 3 · 21 00 00010 lupa 317⁹. 0 007, 22
1161610191, 11¹ 100001156, 28 - 1006001101039, 28 lupa 285 8. 317, 0
¹ 6616101078, 14601, 9100000 831 · 1000069160167,7 16090001184,1
1161602871 · 100012919 ’10060011013613 16000001660185, 6
10600 322, 17 1001 49, 14. 50, 15. 10061136, 23. 181, 11. Lu 00010660 3141
1016)004, 19. 29616· 11,3 11. 119, 20. 311, 9 Lupercum314, ll
110061 107, 11. 281, 20 136, 23 100000010102,5 16600602859
1100011423 1, 16. 237, 1001,εό 1448, 9. 58,10000000100600102410060 062 ’
420219 ¹ ·2..74,278, 30 loricae 301,7 160190022514
. 1000010000 82 26 1000 nom. 16, 6. 23, 1001000041, 20 1000000000 32511
1100000133, 10· 36, 7. 92, 6147, 17 Lucani 113, 9. 196 4 16010011000000131, 25
liceret 21,15. 130, 3, locorum 19 24 20, 2 Lucanis 113, 7, 183, luxerunt 12119
141, 23, 281, 16, 168, 2628614 27, 196, 27 1601112423275, 19
830, 29. 3223 Locrenses 178 4·,15, Lucanorum 1622 1606010061,12,1(143,
1100185, 12 ¹ ’18 183, 25 0 Lucanos 1962 9179, 91882259,
1000118513257, 6 Locrensibus 178, 3. Luc1nus1647 ¹9.,86414n0m58,
’11010106000001737 183, 17 ς. 16010183, 3 - 5,43,5.·59,14.114,
1006012037 1060601600180, 15 160060 2435 19.
1130001032, 21. 35, 17 Locri 163, 9 16803163 317 7 luxuria 9310 179,
186, 4 1000101653 505060160οἰ 168, 27 17, 26, 230, 10. 231,
10006000 0000010000 luctandum 0... 000 00 990, 00 .
· ’1ος6000 319430013 Locrorum 184 10 10 = ¹ 16000000001211ψ427
321,12 100610 2927 luctante 499 17916.1 241, ult. ·
139001660176, 1321, 10060016, 21. 23, 27. 160100 91, 7. 204, 29. 243, 9 revolutus 00 ,
211 43,15, 52, 26 58, 288120, 24291, 3 16060106231, 9
1000000 domas 1⁷4, 22 28. 66, 17. 75, 611, 0601606 113, ’22, 311, luxum 114, 16
116100001010141,16 15 10 , 1606010100179,20

,χ

 

