, 1001111 1100100101,

9,,297 60606018, 7 79, 15 260, 10, 26 1100110000105, 23.
31011600 29916 99,18116151326061111111075,285,188,6,18910 193,
31ον1600884. 148, 15141, 6. 207, 6 28112 9. 227, 7. 1112132813

27, 320, 27 ⁴ 201, 011. 0101159, 9 011227, 1100110011172, 16188,
81011101· 122 16. 184, 6060600020, 18, 82, 6 12

36 30187,14.211,11,60611110 ρα11.73,22.1101011901·10’,173 14.
graviora 53, 10, 78, 319,10 ’ 78,7 189,15.329,3

18 60600110 011 281, 17 606110100170 ,22 1541100000001063125,
,1011101001 67, 19 60600601 697 27 25 “

3100010079,5.156,60600059,16 60611010111,375.·1101110100001 105,9
11. 197, 9 6060012614662.158,21,266,4 1101001000 10518131,

8111110173, 10 1762257, 10 268 habuere 19424 24.’ 23 -

gravissima 0061 44,2 7371, 7. 300, 12, 26, 15. 115,18,149 1100046, 11, 55 „14226,
acc plur 97 25 16, 19 3016 ’1117816 29 33 665 1181,

01011101107615 6060611 220, 7.,298 60111101·111’132,1428511.83,7,90, 1691 ,

grav1ter 152 3,,919 14 ' 4 · · 1·2
46, 12. 70, 2. 72, habentibus 21, 1460600111 124,81,67,1101100 1010111411.
12 ’ 42151152 22. 313,10 . 1921
31011160 011013,17.60601·024,10,41,2060606100170,9126,110006001735
39, 15. 44, 8 174, 73, 1075, 2,,.1073 141283 Hannonem 1913
14283, 1. 301, 10. 109,10.131,1. 139, 60611100032,7.,33 3. 60110118, 8
adj. 21, 13, 151, 6 6 168,15.187,11 130,10, 162, 9 1101·001;08,15,,9 15
goegmum 18712 195, 2 606010000144,2151,Ηο100111111108
gwegarii 101156, 4606010014412146, 1914414 “ Harpagus9, 17
plur. 289, 24 10. 63, 7. 82, 17. 6060100019, 28. 322. Harpalo 133, 23
gregarm 1322 147,7.180,,5209 139, 23 240 19 6010102438 168,14
81010111103258 19. 270,11 habui? 9, 30. 92, -1, has 61, 20139, 21,
10001101 13713 6060100011 85,11.17.101’,9,16.104,1421817222.Ι
(11006107414 196, 20 16.115,15.148,,8 2408
greges7, 9. 114,]7,60601013427,152.1638 , , Hasdrubal 17211317
“ 26415 317,6,15. 18. 206, 19. 286, 6001821. 14, 1. 36, 6328, 16 ¹
324, 4. 327, 12 12 ” 22. 44, 8. 57, 12. Hasdrubale 1725
gregum 3251 haberetur 76, 5. 94, 75, 14. 100, 8. 103, 8006106011173, 4 ν
gremio92, 920234, 23. 147. 3 8113,1 1100112004
214,9 616011681776,13.60010011029213 61010 00141113 9&
grexl445 104,4.1,071. 161, 610 2718 319,1 ’
0,,,10011000011.601,00000,11103,31110 t 1101411οΗ00 ..
60110143 16.59,5601011027515.296,6011651396,7.127,
(111110 292, 17. 293, 18016 14 ·2.327,12000110178,
4295, 25 6060111182.267,2.601·011011132,775,18, 919412 ,1
Gr pum 393 6, 16 326, 6 87, 20126, 32. 127, habetati 0001 0010,
Grypus 293, 16,.,21 110616032714 3.,24914 71, 19
36 294, 15, 221106161032716 601061611098131671100101111 1609
2954 habita 19, 8. 47, 23, 3 ’ Hedera 1195
(11911218 00187,2.94,8.10111010611011028316 1101100100716016
811100005221, 24 00001266 601061101100272, 12 198, 4210, 24
53, 20 606110601314, 5 601061101111162-77, 15 1101001110 212, 14
gymnasio 188, 17 6061101063, 8 6101061100 94 20 11011001000214, 11
[1101103225 606111 287 21 60110611οὶ0ῐο 129, 20110110000011 58, 24.
habitis 115, 23 26213 157, 3
H. 1106111106, 5. 7, 9 2860101111011600 217;3 110100100133,21154
10. 29, 10. 52, 8. 60100100 229 14 3
Habeant 258, 8, 9 77,1 6010111160032, 27 110100100111154, 11
301,1,321,17 60611010 subet. 114,601001100010127,10. 110100116319015
habeas 68 2. 167 22 10, 12, 141, 26. 147,8.273,13041101106011110154 18,
206, 623416 part. 284, 20 6 24· 157,1
habebant 17 24. 69, 1106111110 00001294 5606001000οι 36 12 11010011000111111 154 21
“ 21. 178, 20. 208, 960611111001134115, 1101011001 1734 186, herba 122 24 ·
318,7 29 1.,188 2,7, 18913 Hercule 34, 10, 144,
habebantur 196, 56061101110170, 26.Ηο0111001051,10.172, 2.,3153
337, 6327 29 20216. 204, 22, 5189, 1,3, 17 1101001010104, 11119 ,

 

