1110111 1111101011.

11111006114026 61911142, 2, 3, 7, 24 6001111327, 20 deminutione 63, 4 7
dissolverent 2584 1110151, 13 documenta 24 27,,40 149,18 i
6111110 28215 ἒι1110111290, 11 7. 42,18 601011111100011163,33.
distentu 0101101101 1111410 2457 Dodonaei ,10911 112, 18415, 201, 17 214,
0110 01101001,11104111900100121016 11 160, 4 10246, 4
317,3 6191110107, 17. 13316010101131, 12 60101011100181, 19
6111101011012716 divisione 113 6. 151, doleat 118 4 311, 10 (10011011101015 5. 60,
6111101111 202 5160, 9 2921 6010810196,16.158, 24. 68, 16. 89, 5.
1111111011187,6 6191110110ιο 149, 12. 4. 2043022316 155, 29. 293, 18
. 6111118010116, 14 155, 2182, 7. 268, dolebat 249 15. domum {lecr- .6u', 6 geru
6111110010101116,3 11 60100611001101165,7 166, 329,1
6111010101118, 12 6191111101257,6 dolendum 137 dominis 63, 18. 156,
distulisse 230 3 6191111204, 3. 297, 2 dolenter 12633 3058 101011722420.
61011111918 divisisse 232, 9 doleret 293, 30 314 4
01101103 divisissent 107, 12601112927 domin016.24166.1⁵
61111010 242, 7 133 4 601036, 9. 41, 7 646010111011111125, 6165,
61110οε0125 6, 9. 373, 619111142, 34. 43, 3. 5. 167, 13. 169, 31. 17. 166, 30. 174, 13
2304, 30 111, 3 217,13 6001100125, 8. 166, 2.
611100116019 619110 23, 20, 38, 460199116113 311, 7 331, 2
6010119712.318,10 47, 9 (1010109,17,19,33,60011011011667.189,
ditiores 1848 (119110026810288, 19. 73, 12, 9419, 3,,32424
6111111017011Ἶ3264 16 290, 13 125,17.213,13,60101011133,.9276,34
diu 19, 9 32, 25. 44, 6191101 59, 4, 81, 8 311, 51 60111118 244, 11111111·
23 46, 21. 51, 961, 3249 60101010 1417, 89, suetudine 1503
15. 67, 7, 20. 72, 8. divitie 11, 848, 5. 13. 2032 domimum gentium
,1110110111 1110 1010011111 9017
3113. 5. 12211619100111102120926011101113212 6001111267, 12
13424. 138, 3. ⁹143, 20, 99, 26, 103, 3. 1101111110 91 20 6001111254, 4
221543161, 10 104, 7. ’2129 10. 285, 601011120, 5 6011111115,5.11,7,115,
divelleretur 197,15 9,1011111101..10111600101472929,172042
diversufem. 45, 5. 93, nui, 38,5 32, 23. 40, 3. 82, domitores 14227 i
30. 0101,,93 1.,377 61911141 11,1,33,4. 28.135,13,210,1 6010100011 147, 20.
2131091161 103, 18016 ,. 601019, 36. 301, 25. 111143, 11
2 6191111120919 280 9 domo 0001011 33, 278,
6190110145, 2. 146, 6619111110 43, 14,155,600111132719 ..8 99, 24. 169, 10.
diversum 28617 2 1 600011011012421. 180918419 37
6190111100253 7 61901110294 10 217,18.00111204601001123,17.135,3,
diversi 96, 2. 3302 6011100103752 - 23 ,29425 202, 27
diversis 68, 20. 74610111110162016 dome'stiee gen. 115,60101101101 170, 10,
. 2927010 diuturni 190 23 3. 188, 10. 283, 7 28420
diverso 179, 1. 233, divulgareturlls 27 plur. 1544 6000011012θ4,12
20 619010011458 domesticu 298,1.601011011188,33
diversum 241, 6 diruigatu 307, 3 327, 19 domuisse 308,4
'dives 187, 20 6190101101192,9’ 601001110056, 27221, 6011101125, 22, 2729.
619160010132, 15 6110111194, 11. 243, 20 16. 336, 3. 247,.2 304, 7. 329, 4
dividerentur 145, 6. dixere 318, 7 268, 1. 283, 1. 286, 60101110 20213120.
14419 302, 7 dixerim 67, 12 6, 300, 2 41. 1044310531,
61916010101182, 5 dixisse212, 8285, 3 606011100320, 29 141,1414315.180,.
6191617319 dixit 73, 11. 104, 4, domesticorum 38316 621413, 26417. ³
dividitus, 19. 99, 18. 25.109,10.126·,28, 6000100013021 313, 3. 320, 13971
11418 131, 29. 169 ,272041624360100111011111 Judrcem 60111111 nm 100.. 91,
142, 27.-277, 12 14 255,1..>12,11 3210 9153716410.
6191600101 45 5. 98, docebat 179 22. 185, 60101 17, 12, 22, 21. 167, 140011 126 17.
21.11.11,11.14,11101 1111011011. 111,
6191012697 600001300, 19 , 31, 10. 63, 10 567 15. 174, 21, 231, 17
61911111 5417 1100001160, 16 60,2382,20.170,11111010110173,10
61910111111105, 15 6001010 127, 26 1. 173, 13180, 24. dona 169, 9
0111110 3151 6000101011 22, 5. 83, 190, 20, 21 donarent 2852
611100145,9.,14018.150110733 doiuibuu 21, 12, 60, 6011110604 3228
30010 doctrinam 179 21 21. 159, 822417 6001101101189,5

61910601 15818, docuere 2612 6010100084,8.6011111110111111111108,

 

