INDEX VERBORUM.

Γ1111111111111325,21 111181113224184, 20 ⁶ 22   .
1111111111011.168,7 20. utar arenarum 14, 9. 49, Aristonicum 273, 10,
apricitas 271, 11 arbitrum 56, 25, 202, 1214012 271, 6. 283, 13
apricitatis 271,9 6 ι1111117111 'Aristonicus273,2
1111120, 4 arborea 271, 6 Argeum 137, 2 Aristotele 127, 26
apti plur-99, 11 arboribus 271.7 8111117115 Aristotelem 118,7
1111116081706 arborum 203 argentea 289, 26 Aristotim0214,1
aptiorem 245,7 8111111171, 10 argenteis 118,19 81111111111214, 19
aqna abi. 123, 8. 126. Arcadia 137,5 argenteo 292. 7 arma 11111111 7, 13, 12,
14111162 lavari 081110111314, 5 , 1111111ίὶ 42, 22. 83, 10. 8. 22, 3, 14. 23, 7.
8ο11111101111111 81116111708 88,17.209,11.250 24, 14. 18, 25, 71
· Hispani 324, ’8 in arcanorum 8, 16 13 29, 17, 34, 14, 42,
11111.271,14. 326,111144,24.155,20 111111110823111, 3, 45, 14
· 10Ι 11111111120, 22 1920018 1111111121,21
aqua gen. 271, 1211111181. 1. 144, 26.111111112015250,1111111111 59, 19. 317,
, par. 111 1111111111. 1111111 11
aquato 20, 16. 320, 9,. 185, 2. 202. 33 Argonautae piar. 251, armare 24419
10 , arcere 10019 93005 11181111129,24
aquarum 20, 6, 21. Arcesilaus 133, 1 Argonautarum 251, 7 1111111111 123, 29
· 27, 4. 50, 7. 241, 14. arcessendum 297, 6 Argos 62, 18. 134, 4. armatas 207, 23
303, 20 arcesserent 2106 212,10 111111125,3.36,1,71, ’
1111101156, 26. 187, arcessiti 164,4 arguentes 1804 22129, 29, 131, 2.
24. 2005 arcessit 8, 14. 52, 25. arguit 193, 23 170, 16
aquilae piar. 127. 19 85, 26, 87, 11. 210, argumentis21,4.317‚ armatis pert. 25, 17,
801111111111251,11 29 8 103,2,107,16.121,
Aquilium 281, 5. 282, arcessitam 143, 2 argumento 126, 23 16, 184, 18, 3208
2 arcessitis ρα1111.103,111,111111111111 19, 19. armato 16111. 71, 9
811111111273,13.280, 6.169,14.214,15 149, 9. 156, 20 armatorum 35, 7. 36,
, 16 arcessituram? Argyraspidas 119, 2. 25. 178, 111214, 10,
10111101523314 11111111111288, 13 1409 . 2701828022 ¹
'Arabiae 132, 2. 270, arcessitus esset 170, Argyraspides 14011, armatos 144, 16 t
3. 289, 2 23 · 141, ll armatum 41, 17131,
Arabum 296, 23. 297, arcessunt 69, 20 Α1ἱ1111111263,7. 275, 5, 26
119115 11111181111190, rs. . 11111,11.179,7,111111131,1
Araci 44, 19 193, 19. 194, 92 22, 25 1111111141, 19, 1001.
81111111132,17 Archagathus 194, 23 Ariarathem 278, 2. 107, 24
aram 222, 18 Archelaum 77, 20 279, 14 armaverat 32, 29. 209,
1111112013 Archesitao 194, 23 81111111119335263, 6 t
1111111101, 14 Archidamus 71, 11 3. 278, 17, 27020 Armenia 306 20 t
1111111111. 51, 19. 90, 81111161111177, 20 811111011134, 19, 225, Armentae 03114, 293, 1
16. m, 5. 202, 28 8111111 132, 20 6. 262, 3. 279, 4 1, 309, 3
Aratbis 268, 6 areis gers. 1016210, 8111111811274,8.279, Armeniam 286, 7306,
1111103205327, 19· 24 12 . 17. 308, 20 . t
Araxis 13,4 1111111811287,8 1110111111123,7 Armeniis 94, 28 ’ t
Arbaetus 7, 7. 8, 3 11161111128523219,11111111 143, 1. 144, 25 Armenio 306, 23
arbiter 155. 14 22 Aridaeo 143, 18 Armeniorum 30616
arbitrabantur 182, 5 arctissimis 70, 23 Aridaeum 92, 16127, Armenio, 132, 20
arbitrabatur 126. 7.Ι 11111 gen. 207, 25. 1, 130, 5,10,21.8111111111308,18
167. 13. 202, 10 1111127114 131, 17. 135. 16 8111111121, 011303,
abitrante 15. 7. 261, 7 ardentes 84, 1 Aridacus 131, 23 8. 315, 4, 327, ι, 13,
arbitrantes 11, 5. 45, 1111111111111111271, 1011111111 307, 1 328, 3
4 59, 9. 166, 18.arderentl9. 11 Ariobarzanes 280, 31111111 17, 31. 23, 14,
’210 1. 218, aar 116111702123019 11 17.29,5.39,17.41, i
arbitrarentur 43, 26113111 99, 16, 215, Ariobarzani 2808 18 56, 26. 63, 6.
139, 26. 155, 24. 14.301,4 81113003 605
21014 1181111145,28 aris 1705 ι armorum 24, 16 25,
1181110115017 111111111016 811111113610 085, 9, 92, 15, 19¹
arbitria 4, 4. 106, 111161111111111111 300. 7 Aristaeum 137, 2, 5 107, 14, 24
1841611387ν 8111111201, 10 Aristides 3029 Arpos 175,15
'arbitrio 81, 4. 143, 7. Arei 13218 Aristonici 279, 25 arrepta 148,6
285, 5. 296, 20 1111111116, 13. 167, 8111111111274,1.284,11111111111 117, ts

 

