1000010000000.

00100011397 1001110 23, 24. 31, 21. munimento 21, 14 213,16 257, 8. 297,
moverat 1532 58, 2. 69, ’.25 85, munimentum 206, 5. l ,
100101025914 1 ·.19 108, 13. 109, 8. 3,016 100100159 15
moverentur 107, 19 118, 141120, 5. 125, 0101111 303, 15 mutus 311, 7
100101017512 11 1000111139, 3. 209, 18. mutuum exitium 80,
moveretur 1662 1001111001οε 25, 21. 01120 21 221914, 0111001
1001010127113 33, 5. 36, 4 74,11. 010011100111110 52 16 258,1
1001100029, 17 10718. , 010011100303, 16 Mycale monte 387
100111 131, 16 10101110011001037, 17. 010011.010140,1 184,Μγ11011092, 12
Ι 100117, 17. 9, 6. 238 107,131469174 28 - 01010110001011101-
36,18.51,1574,21.290,10 munus 132,1133,.2 100110001010010553

15'88,25912211181582181555514. 148,18.158‚ 10.

9411, 151056 140,2141,.22179, 223 4. 238, 17. N.

124, 23 ι, ,19 2127. 2324 2491627218.

100010007218 29314 273, 15. 2891. 326, Nabide 236, 14
mucrones 255 16 multitudo 2-4, 6. 30, 8 Nabidem 238, 7,15
’ 100110610ῐο 5614 4. 58, 8. 78, 26.Μο111001101018723 Νο1110233, 19
’0101001179 amula-1024. 1227 212, muri 61, 18. 63, 7180010236, 11

1100000100100143, 1 ⁴ . 2064 x 00010100100182, 21

301010 23. 0010..010110,0010 181, 12010110102818 1111000320, 22

00010295 5 0101101 283, 2. 00- 01011035, 17. 39 18. 11000010 320 3
1001106110 1437 ,1111101101 218, 13. 79, 20. 122, 13, 22. 00110000 suut 152 25
0000511101133. 144, 0101111151, 1000 1348 · narraretur 151

20 ’ 1 1100100100 283, ρ2.100111110146,9 nascendi 31, 23,· 25
10011016, 11. 8, 26 01111047 21 0001101110 11613. 1292 44, 20 ’

321, 9 ⁴ ’ 48, 2 78, 9. 157, 8. 271,8 5 ’ nascentibus 300, 18
0111110107,6,36,14 15319 304737 murmura 14311222 nascerentur 2315.
0101101010196, 15 10. 1101101110 286, 1 130,3
0101101007,162513. 12 · 1 100100 83 1.143,14.000101010164, 2130,

60, 23 76, 16, 231, multorum 11, 6 37, 205,16 . 11
, 23 2392, 5 20 102, 8. 219, 15. 01010016, 12. 122, 10 005011111308, 21
Δ1110110111010 29, 23. 32714 murus 111111 0101001005000101150 14
. 114, 7301, 20 10011008, 5.23,5. 3,7 1111110143, 13 0001292. 17
’ 0111110110 14411 196, 7. 92, 17. 104, 16. mutandum 43 22 naso 147 24

17 322, 1 122, 22 0101010 255 191,23 0001110173
mulierum 19, 7. 44, 1001100121 7. 61, ,2. mutarent 39 859, 90010 20 18. est 145 4.

10 104, 3. 139, 15. 103,17.118,62’89, mutasse 9618 1.60, 2010111494

141, 9211, 18 5 281, 7 ’ 001300001179,9 00100001325, 13
multas, 14 293 63,, 110100110258, 12. 288, 0101500017, 1 0010110 11100 288, 17

35. 68, 6. 611. 79,·7 2 ’ ’ 0101010 0013820001001010 72 22

96, 14. 1096 611. 01001115, 10. 20, 5. 225, 2. 252, 5 0111144, 15. 00000115,

14811 127, 5818, 10 mutatam 11, 5. 011, 101100
100116 22, 9 31, 5. 2348 20 - 00110000 65 681. 25.

515. 36, 19 510 69, 1100010020, 716720010110225, 10. 272, 2089

4.,123 9. 133, 14 1011001032, 12. 164, 7 0011011160074, 85, 6.

144,4,154,14.156,1132061632210100101100096,9.,2188 19 .-

12. 511. . 1000001100 5821146 0101000000 2937 001100001411265
mul arum7899 844 3. 25.164,10.281,101110100019 10. 11, 001073, 5. 162, 1. 224,
1110110029, 6. 47, 10. 2 -1 5.6,21.,27719 13 .

87, 6.- 96, 24. 113, 1000011027, 9. 56, 20. mutatos 0000 civita-natos 1918

7167 15. 169, 25, 75, 4 123, 18 202, tum 000000 97 10 natu 31, 22. 153, 12.

195,9 631211 mut 101 62 2 93, 16 1822
1011111 11001 12, 12. 61, 1011οΗ000035 18 0001010043, 21 nutum 31, 26. 32, 5.

1511916 12201001600011012317.100100011175,15 70, 60. 87, 10. 139

12 214, 2. 290, 2. abl. 12099 ‘ mutua stem 2447 417916 202, 29.

3091732612 100018000110243, 18 mutuae gm 153, 15 253, 6
1001110100 2059 10001600011001287, 4010100οι 46, 5. 129, 00101031, 23. 50, 15.
multi 0110012321, 22 0100110001039, 4 24. 19911. 296, 21 051 76,1 3021
multiplicato 10001 1000110010120919 mutuarum 268 21 natura 33, 9. 125,10.

316,16 - mun 01011110 190, 25 mutuatur 877 - 1823185, 15 228,
100111011οι 214 21 210,2 . ¹ ,0101010051131121 ·

 

