‘ 11101111 1110000011.

Siciliensi 70, 22. 173, simulantem 64, 13 sobolem 22, 31. 24, socius 39, 29. 159, 11
4. 199, 5 simulantes 46, 11 3141031168, 15. 00010 291, 6
0101111133, 18 v 01001100016,9 ,267,7 socrui 216‚9
, Siculis 192, 1. 198, 2 simulat 6,.2. 29, 9. 41, 0060100115,15.251,13 socrus 216, 14
81011101010165,1.122, 20. 43, 21, 115, 28. sobolis 15212251, 20 sodales 125, 15. 27¹7„Q
32105 ’270 14 0001011326 “ Sogdianis 116, 13
' 1100125,9,16.68, 15.,01111111001113,19. 3010 soceri 1510511014 Sogdianorum 304. 15
112, 9. 141, 25 169, simulatio 185, 14 socero 320, 11 80311111000132, 19
mo. 172, 6. 1805 simulatione 26012 socerum 307, 12 001 191, 18. 271, 10
11011113019302044, simulationem 2708 000113020 0010 accus. 178, 19
20.61,7.62,16.72,01100101101111101801900010 gen 178, 7. 190, 212241111-
16. 74, 3. 826 0100101013,8.85,27. 1110124213 11111101. 7011122016.
8100001344 113, 20. 201, 25. sociam 101, 20. 153, 0111103105
’ 0160110137,7.173,16 3106 7. 2309 001000013οη 19
0160111015, 10. 17013. simulatum 28, 4 sociari 94, 1 solam 109, 18. 235, S.
193, 23 0111241, 12 socias 242, 3 293, 23
8100016011 010 vero 155, 25 sociata fenn231, 17 0011111013,18.45,27.
8111000165, 10 sinat 141,19 societate 55, 15. 88, 16012. 174, 8, 178,
Sidoniae 104, 19 sinceri. 202, 14 29.145,12.152,24. 11 .
signa 75, 2, 107, 6. 0100011110 93, 18 155, ’ 11. 188, 22. solatio 142, 1
256, 2. 312, 18 0103111042212805 229, 12232, 3. 238, solatium 85, 2. 109,
01001600601200,5 0111001010164015. 7. 2771 11. 293, 5. 10 279, 28
significans 1609 502080, 1,3. 213, 29013104 00103207
significari 191, 25 14. 258, 8 societatem 41, 1364, soleant 205, 22
significatum est 30, singulare 23,Ιο 194, 9. 93, 22. 104, 17. solebant 2523. 296, 20
18. 04010 10 4000. 100, 10134, solebas 12, 15. 100, o.
01ς1110061.206,28 singularem23,28,160, 4.146,11.167,12. 23013
signum 30, 2. 71, 14, 8 180,19.188,8. 190, solem 16,- 16. 166, 6,
15. 209, 26. 272, singulari 131,15 26. 280, 6, 17. 304, 131803
15. 293, 10. 3011 0100011100908, 12. 1. 315, 8. omnis solemne 001 1031001101
silentio 55, Ι4. 141, 257, 4,7 , 101100011111000197, 11011100 nabere ιη
25. 302, 2. 326, 18. singulas 36, 9.· 103, 1. 18 , Parthici 311, 14
sss, 8. 004, 03 0001005114 sommus 40, 14. 10, solemnem 1041030, i
0110011001 12, 17. 1200111ςοἰί 3009 23.189, 6. 201, 5. 11 l
, 21902 singolis 57, 8. 131, 2201, 19. 235, 5.001011111144,1.116,16,
sueos 121, 15 ¹ 0100010401. 050, 13 · sans i
sileri 94, 1 214, 16. 247, 16 00011 56, 1. 98, 3. 137.0010101111155,4.287,11
simile 136, 16. 139, singulorum 31, 6. 41, 12.15010.187,21. solemnibus 102, 1
2516011 19. 104, 17. 116, 100219201198, solemnis 92, 26
011011010106.126, 11, 147, 10. 197, 6. 192709 solemniter 125, 13
26. 171, 6 2201623017 000110 16, 5. 30,· 26. solent 7, 1717110915,
10011182, 6 singulos 10010. 107, 34, 9. 401οζ 67, 6, 5. 315, 2
similis 6, 4. 22, 1. 50, 17.129,13.140,13, 9. 69, 17. 94, 16. 001010 114, 21
10. 85, 8. 907. 100, 21. 147, 9. 15012. 111,3.113,17. 147, 0010111136, 4. 269, 5
1. osus 178, 21 - 16 solertis 140, 00105,
similitudine 327, 14 01010111 1100113013 00010 155, 17. 277, 24. 24217
similitudinem 13016 sint 22, 22. 2804 12. 295, 14. 302,1 0010111092.27.93,8 ,
similitudo 9‚112. 317, sinu 11111111, 237, 18, sociorum 24, 24. 36, 001011101- 92, 20 , .
· 17 . 32012 2, 6. 39, 20, 24. 48, 00101 206, 9. 24411
Simos 3202 sinum moria, 50, 15. 9. 51, 16. 208, 3. 0011 00111149, 7. 305,
simplici 327, 3 24, 16. 168, 20. 319, 138, 4. 250, u 163. ’18
simulabat 303 11, 1, 13 0011 plur. 26, 8. 34, 3.
simulacra 50, 4. 85, 010010011100101303, socios 7, 13. 33, 21. 90,10.111,15.154,
, 1. 177,1.202, 13 153104 -ι, 46,9.52,23.61,15, 101501220412,
24414 , Sinis 1703 71,21.82,18.85,3. 2005221, 7. 223,
simulacris 3101 sn us. 101004 1040101, 11140, 1. 040 0, 0. 2⁵7, 0.
0101011010322,4 32, 26. 68, 3, 4. 15 299, 12. 300, 22 40-
010101001001177,10. 1009 ¹ socium 9,28.11,1.73‚ 1109020
2901329518314, sitisti 14, 2 . 9. 152, 9. 153, 1. solibus 107,2
12 ·. 0111148, 12 - 15027,1600193,0011011060120936251.
1110010013ῡο 24 situm 276, 23 15. 227,7.·304,22 7

 

