· ’ ' 1111111111111.

5. '. ,,1. 1116111676. 208, 177,8,4.252,’411111118494
111111ο111,15.1119- 6224110· 2686298111 tenu1ss1m88 468 24
2 (18111108 32,1511116276,9 111111610982920711111111207271031
7111118 22, 24.. plus tectorum 111611. 61,6 18 12 74 11755 160,
1„ 22, 7711111820, 17 Tectosag1 2508 1611711011 14, 8. 16, 21, 258, 4,2,98 12
·ῃ· ,9011111161142,25.Τ111888776111111251 15. 87, 7. 81, 7,,11111181172
1809198168 295, 2. tectum 1111111, 21 101, 24 102, 5. 405, tepidi 81111 8711111117,
s, 801081219314. ,030111 ...0,1·,.,,
· 11171818162192811115116822 25,15. 26, 15. 88 ,1111818101878 ·
⁷· 8.65,.,567484,,1189116,5 22224,2.247,.,1111·11681111849 18.
· 1881841810 1191111399 ’11118118 111,18 8585
ἶ 1111188708 1191111181, 88022 1811718188, 20 9, 18. 800, 24. 1811811711
. 1111101116 8118ο1111111818111811182517 12, 6. 21, 18. 2 ,17, 100, 2896810171
. 15, 20 59, 11, 61, 1111728 10. 28 1.’ 24, 32, 10,5
’. 6. 64, 1.12,11,85,1ειο1816.1191195, 28882112. 38111911118111118 101
1 2,9,3 15 161848 10 89, 9. 42, 141819115918.189,21,
’.·. 181111111128,29.44,4111ο1111111228 46, 8, 19 , 1118177910, 18. 21, 6
ἰ 68, 28114, 28. 129, telum 117,15.17918111611618410274111619868111111861]
29. 1481318810 982612 47‚.,87714. 160,.2111111111111191, 12
28622111111111114111111169889412 164,11 225, 4, 10 1111111111 74 4
,.,,,.11131, 41. 59, 118, 18 188, 10 11111118961111.18111111918118
8.,50 1158117018111111118 2051212, 47, 1, 17. 82, 30 128, 2. 15813 185,
17.72,1 107, 21, 9 119198111111821 18 26
28. 1349, 282, 24. 1898111818205, 15 11111911891747,1111111194,Ιο 6,15,
, 805, 8111111118711711· temperamento 29, 1.- 18 84, 28. 99, 21. 18, 5. 28, 21. 65,7.
,pertasadtershs 111 326,11 . 1407 74,7 ’
’ solen 1861111188118 tempemmentum 19111161118114 1111119,17,49,457
7 681170161111-11 49 111611111391, 15 1. 3947, ’,95’,“7ἶ7,,7
’ 1711119505 320, 1511117111,1111126 18 111181111891522128 6,·14, 486
J ’181111111111111 45 27 55 teptpetffatumiui'ssem,tenebant178 6 197,181711717«,111 19 10 2074
, 12.,67582,,1315 15 , 2126415 14 203 10911150
7 1111118,11.11,441,11117111018888,18 1114111 75, 18. 117, 9 88 8 11818157,
J 45,02,515 87,81111171111111828,8 414512. 281, 20, 416581687169, ⁴
, 1816188111420, 12 111991111191120, 12 244, 15 252, 16 720612. 90799 “·
18161111811189, 10 1111911801111111761618116811144933,]9,15 293 5 .
11111111911111631.11171111118919 tenente 5155 319, 8. 824, 5, 17,
111111.212,8,805,7 1191111118 68, 7 77, tenere 152 15 61180191111161118.
Tarenti 210, 80 122081 228, 8 1111111111158, 12, 317, rat 167, 6
Tarentina45,7 tempta 11111181114111 18 1111811153, 19 57, 99
’111811111111210 25 71611119.150,5.1111111111111411444 99 28 12049997 J
Τ1111111111145, 1, 162, 173, 7, 175, 9, 179, 7 115 1 181111102017 973
8.,1768 15 181, 7.,210 9.181181118010180 4815847 19 799
Tarentinis 112, 4. 2195 9111116218811111111111 222 28 9105 ,8 1070103
159, 18 tempestatem 47, 7. 1191118810 30, 21 8,3 18109191199
Tarenttno 16215· 209, 26 21. 72 9.,277 12 111118 20, 7. 18214,
Τ118111111811111144, 25. lempestatibus 14, 8 1111116, 7, 84, 28 50, 8,08 29 310, 3
45, 2, 162, 1 87, 18 2701 , 860, 28. 277, 21 1111111111175, 21
Tarentinoss6l, 15 tempestatis 263, 45. tentabat 290 9 11111611191181999,
11117111, 11813118 71111111 114 8'2 4111111881, 28 ⁴ 18
’1118111110210 tempestit8 257, 9111011189, 26 111,11118205 18·
Τ8111810171111826, 15 821, 7 1111688111253, 9 1111111112 59, 4 ,
’741111111811118151511117118111188285 tentasset 18310 11111111111111219 7
Τ1ι111111102,8 templa 82, 8. 88, 2181111111 pen 8053 terrem 181 ·7
1111118111617 178, 19. 202, 27.111118011ο8141,11· 111,1181186911,1’59,79 3
1211018182, 15 20516244,15111181011186812 1111180184, 93 70 15 ,
11141100, 15171', 808, 11 11111111851,957,18 52,24.53,7,19. ·
1,.,5 801,6 1191911292, 15 295, 1181118111141, 22 1781517461243, ,
1111181161186, 18 1111911882, 24 85, 2 1810118160, 18 1125818324, 17 ’7
11111 11161121 15 tempto 18'1, 11, 2611111611724 1811181111 595 7

181111141021,18 104, 26. 126, 31.1811118111122,5 011701714917 91515

 

1' 2 7

