' 16611616166616.

66661161116168,11,161,1.611,6 ripa 111, 16 · 6211666211,
’ resumentes 180, 15 revertuntur 24, 25, Riphaeis 21,6 13. 229, 10. 23816.
gmina} 71566 411 1066 ln& ²⁷⁷³ ²¹⁸ 1116Γὲ6206 ²4 Ι nomam Χ21 11
11215 ’ ’6166866666 66112116 161, 16 166,’ 11]
retentis 99,6 161666127815 1166111185,8 213, 6. 221, 4. 222,
1611616689, 19 16166166 91, 26 1166611651. 828 8228114227,
1616616111 327, 25 161661616122, 80. 53, ritu 218, 20 1522815 1
retentus 661 118, 15 . 15 robore 46, 20. 59, 20 Romanos 159, 14. 161,
161118 25, revocarent 155,8 16661789 15. 162, 3. 163, 3. ³
reticenda 16, 16 revocaretur 290,8 robustior 116, 12 111, 1. 199, 6. 211. 1
retinendis 5817 16666111279,2 16161116666116211,19 16, 221, 21 1
retinendo 87,8 1616611147,81296,216116611661611641,5 8661666237,10.242, ’
retinere 211, 13 · ¹ revocati plur, 47, 1. robustos 100,11 10274, 4. 281, 2
retineret 22819Υ , 131, 1813814 1631617811 86161666162,15.234,
retinet 183, 13 revocato 52, 15. 118, rogantem 84, 9 ’ 4. 238, 4, 10. 242, 2.
= retinuerant 246,6 8342, 9. 296, 1016316166102010816 250,13.273,1.274,9
retinuit 235, m 303, 14 roganti 142, 8 1166616317, 9,18
,retorqueat 262. 3 6616611619,11.57,9.16616161320,7 Romulos 303, 24
retractus 141, 22 - 63, 35. 134, 7. 805, rogaret 8, 28 rostratis navibus 242, ,
retrahendum 290, 23. 1630814 1651617016 11, 16 ’
retrahit 289, 5 revocatus 55, 5. 74, rogat 8, 21. 10,4. 7811611116 146, 17
retulerunt 21823 15. 155, 13 19. 66- 15.98,23.105,1911611666127,2.130,7
retulit 135, 1, 661217,18 rogavit 194, 24 11661616 129,31.130,16
mem 211, 33 16166116116158, 18 rogo 985 16116663166161666616
reversi 42, 27. 101, revocaverit 141, 15 1166616417169, populos 4,9
, 25. 106,- 16. 320, l. 16166166161161, 13. 30. 282, 20 rudimenta 78, 8. 87,10
. nunt* 174, Ι10. 290, 229, 11 1166161238,10.248,8.161116 28814
25 revocavit 58, 1. 143, 15. 25814. 260, 4. 1666161429107, 27.
1616166173, 13 15. 179,17.181,4 161, 1671. 214, 14 207, 15. 2081
reverso 241, 20 revolutus 251‚9 ’ nomam 163, 11. 164, ruentes 8063
16161666 25, 3. 187,5 rex 4, 7. 5, 1. 8, 2. 9. 9. 180, 18. 233, lamina 89, 8. abl. 61, 6.
reversum 17,19.186,5 6. 11,8. 15, 8,“15. 238524217252, 22810 .
reversuros 443 16, 162217, 25, 25 1616161588161983 ’
reversus 8, 23,,13, 15. 35. 23, 30. 25, 16. 1166666666176671, ruinam 61, 4, 157, 7,
6823. 85, 4.·106, 28, 8. 32, 3, 18. 33, 7, 234, 20. 239, ,2. 24413
21222612511..15.34,5.36,11.37, 244, 17. 296, 1716161166233, 15
. 131328, 183, 8· 159, 1. 41, l, 20. 55, 14. 318, 2. abl. 234, 6. 1616116685
Ι16 195, 8. 210, 25. 5828 240, 11. 226, 19. ruisse 55, 19
253, 8.260,12.·304,16116111253,7 . acc. 235, 7. 246, 1, 1666161611166611827,
’2866661139,16.116616181,2 281,’11.287,7 ’ 28
155, 15. 170, 27.1166161616181,3 8661666761.23814166166666148, 10
215, 17. est 276, 26. {theam 316, 10 6663182. 1111324, rumpenda sit 10, 16
fuerat 194, 18, 1111631616113 1 ‘ rupe 2081
revertantur 10, 19. Rheginis 51, 17 ¹ 86616162081532216666 2089
244, 12 · 11116ςί66166183,25 11 . 1616666206, 8. 30817
161611661616237,17 Rhegium 49, 14 t 8661666310, 10 1661120811
revertentes 65, 6. 322, Rhodani 319, 11320, Romani plur. 163, 13. rupto 47, 15. 252, 9
9 18 ¹ Ι283, 5. 304, 4. 314, rura 206, 26
1616116611 8820124, Rhodanum 185, 25 - 11. 329, 6. iptio· ruri 9. 30
27 Rhodi 2384 · rent gloriam quam ruris 276,9
revertentibus 124, 21 Rhodiorum 232, 19 possessiones, 6616161161 58135815.
reverteretur 170, 241111606161105, 8. 233, lupnrias judicen- 125, 9. 807, 10. 310,
189,14.209,2.317,5 15 1' ,166 245, 7. 666236, 3 1
reverterunt 121, 14. ridiculum 252, 21 9, 237, 15. 278, 13, 1616116 141, 15. 184,
194,16 ridiculus 2883 280, 6. 309, 13313, 26. 211, 4. 238, 11
reverti 10, 25. 151, regeat 20, 111 6 rus 237, 15
14. 154, 24 1987 rigerent frigoris inr- 1161616ῐ6118, 8163, Rutulorum 316,1 ,
revertitur 24. 15. 58, 6116161619,11 15. 194, 4, 16. 198, 1
878121981239, rigor 102, 14 s 813. 199, 3210, 21
Δ20. 245, 26256, 1. 1166162811· Romano 168, 10. 164,

 

