INDEX VERBQRUM.

1611111611· 311, 13 solnm subse. 19, 16. 202, 3. 278, 9. 288,16111111111111166,91
161111111634 26 2303 221, 22. 282, 10 12 5 · spectas 884
·. 16116111111183,2 solum 1117111. 82, 2161611111112198 166614111511
, 1611611113113442996 122,3.123,25.158,1616111)1124,15 16661111711143.
¹ solicitat 37 25. 168, 17. 241, 1 1616111 311 15. 8926. 1616111111 en 47851
1· 22. 182, 12. 2298161161191), 2. pluries 112,.7117,17.135, 5
3, 233, 19. 287, 24 116161161161 6111 6 1616111613611231,16·,
‚¹ 161111111115528.611.11611161 1611126412 spectatoribus 2544
; 252,15 solvo 1427 sorte9,2,.,·,pe61127182s 1111895
¹, 161161111137, 22 1616152 196013 75 2188, 20 183, 29 speculandos 185, 23.
ς 1611111111196112119 6.,93’21.102,15 1611661104704174 2377
· 11. 305, 6 soluta 6116116. 88, 6 3 specularentur 192, 126
¹· 16111181116611. 156,7 11111209171161616111116621618 209, 9239 22 1
“ 1611111116 279 6 25817 16111137, 14. 263, 8 1616111671, 8 ’
16116111111612, 19. 85, 1616112287 1611111111611169,3 161111611111 164, 3
26 394 12 1611116133, 20. 194, 216111161132, 18 211, 2
‘ 1611611111186 5 112, solutione 172, 10 sortitus 187, 12 111 16119, 6 3964421.
5238, 11. 2485 16111161129, 27 10914 .3,5 12 79978 26. x
solicitaverat 1866 161111114316129231611111111162 9 101, 20 ι
’ 16111111113203 solutos 58 25 sospitem 1286 spem 26 537, 26. 41,
,161161111111591 161616111713.91,1086111111112062, 15 453, ’14. 593
,16116111 plur 45, 28 soluturum 1216 86166193 Speo 1372
1611611616,19 161111111168, 13 1161161452 · sperabat 2845
161111116668,27.311, 1611111 134, 16. 303, sparserat 296 28 sperans 57, 2. 153, 1.
11 . Sciat 1407 sparsis 203, 5. 207, 242„ 14 278, 15.
solicitus 11, 10, 2971611111 8, 13. 43, 10. 182191 ’ 3071
161161111150, 13 1078 “ sparsos 59, 5. 201. 13 161116111472521427
161161123916 1611111911 8611111144134720161111111111183,9 ·
161166 207 11 161611691917 14, Spartani 84, 17. 3916111116 104, 5. 115, ¹
1611111139510 1012714 22 43, 25. 61, 17. 25. 288, 22 1
1611111611611116,]616111161111,6116111 7913 161111111144,18
. 1914162913.11161116161111116118611211139 22. 39, sperat 79 17
94,12.166,11,13. 616117111612697 8142142,16 161111118017
3,7331276,1 1611116149 22. 321, 8861111661111 32, 24. 16111111111213, 14 ‹
solitariam. 89. 8. nup somnum8, 16 41 1'1. 33, 14. 34, 4. 42, speraverat 195 ’10 ν ,
ε161,321,1’0 10710352, 1 10. 45, 18. 47, 6, 9. spernant 107, 23
solitam 18318 somnus 1077 72,8 , spernere 292 21
soliti 126, 14. 196, 11. sonus 266 8 Spartanos 84, 9: 45, spes 78, 21. 100, 17..
6111117718, 196,5’ Sophene 889 l 20. 56, 29. 61, 15, 10913, 27140, 8’
1111111121, 10 Sophoclem 47 8 178, 4 153, 2. 194, 6. 286, ,
solito 29 20 121. 8 sorbentis 505 8611113246 16
solitudinem 197 24 161661661205, 18 1611111657 , 86111616111176,3
161111616112136123,161611 131, 11’. 171, 6161111 3811 1611116111149,11.60,9
3211, 6. 3092 161111(1152,’7.1741166116152146,2 16111111111098 .
16111161616112861416161611118411149161111163911.84,2216111149,8315, 1.
161111114813097 12 1613419852696, 32417
11111104213171416161611268Ρ13,1’,0612,151,11,16111111650,7 73, 6. .
16161116116111.20,15.16111161111111611864 l68,4 - 2183522 16 2963 4
26,118818.146,1ο16111111045 1616169, 26. 25, 91611111116111161793. '¹
10 sordido 1873 51, 26. 118, 15 vitam 197, 191111. ,
16168, 2. 22410 1611161179101991616111191311113 611118915197, ,
6616628 18 287 14 16161611116818 18. 11111116. 306, t
3616111428 sordium 2648 speciosus 1445 1311111340, 813111
16161 121, 3. 149161616132 2103, 181616116111129 912 32414
61119712 222, 3 13914 27627 ’277 spectaculo 87 14. 92, 1681661168, 25. 166,
solstitiales 1377 2387, 9. 295, 5 10. 107, 3,135,6. 12
sotventibus 1848 16161622216 23110 2889 ’ splendorem 1888 ·
solveretur 1165 232,1.288,10 1661111116111632215 spolia 88 25. 205, 18 . Ι
solvi 123, 24 161611611137914161611111111 8416. 25918
161111111101,12 1616112449 91,3.119,4.131,121661111163, 6
1611118717 1616112413231281616111611117912 1661111623, 5 15912

 

