afrv ι
1· ¹

,1611661 6666161611Ἰ

ιιιιιῑιιιιιιι 1116 16 166, 16 66 1161116666, 16. 61, 61. 66 4 6616 61 16

11661166 6,16. 116, 11. 161, 66,.16161,66.’166, 6116611661616,

1y040n49974,8 131532 · 7, 16139 12. 140, 5,18. 68, 13 664
lyceo 814, 10 1161111111111116656116169ᾱρ 68, 27 92, 29. 101,·
Lycia 135 94 ¹ ¹,98 99. 88, 25, 96, m6gnific'als4, 15 2 ·
Lyciam 132, 8 15,124,11,20.130,161ςηὶ866626 19, 21166116 966. 39, 115,
Lycortas 947 18 61116 1163611661ῑὶ6 91, 2 27. 85, 27. 284, 23
1616161466169Α41111611166 149, 12. 151111781.20617161 1116 23, 23. 32, 7.
lycurgum 225 10 151,12.232,2.’233’,166611566611661 111114 913.” ’9 ’49 2 52,- 2.
Lycurgus49,10 7 255 7 9 114 20 89,9¹

Lydi 12, 7 Macedonicis 114,18(magmficentms 99 32 ms orem 27, 4 32, 26.
Lyd1417519 Macedonic6 228,17,1116Ε11111666111166121,,8 34, 20. 101, 10, 106,
1611166616. 591. 2691328114 1116161631, 9·- 50, 4 22.107,22.130,12’
L9d46, 211, u 12 Mace6snicum4180, ,2. 141 9 496, 21179711166166 6611114266 lar·
¹ 1411111712 3 ’ΜΞΞ5116611727193 m41641tudme 91, 1111181181766, 9.
Lydorum 11,8 Macedonum78m9187 10927107, 1’8,’ 28512399, 17

Lyncestarum 96, 21. 19. 892. 97 7, 11. 111166. 127,’ 12,-1111111132 6.’227,17· J

101..⁶144,1 111, 61.118,·’ 61. 116716 116, 16 1611·
1666111161· 58, 27. 69, 111,- 14,123,12ι11ι6616116111116165ι44191616611616 1651, 143,

13 . 12413· 129, 94 6741410914 12. 169, 16. 233, 6. ¹

Ly 66111161 61 2169 20 macello 1859 0146110111ἰηί 172, 6. 26869
Ly 6166 681 61611166161111298,2 1661661616· 161671τί6-,35 15. 51, 23
d 1,,1 ‘
[616611317112132* ”·’ ⁷ *1211417ιὲ ...9191813171 13,·
Lysimachiam, 4 1116111115 115 27 150, 2, 5 18 89, 16. 110, 3.
11166ιὲ17187, 74, 1111111611, 6. 661, ’⁰¹6⁰ 11191118, 4³14. 424, y 166, ⁹17..
1511’12.157,3,761111’11611622121 . 393,”8 ⁷ ¹ 616116 36 24. 37, 26.
58, 7, 22. 2194 1616611528 11161161661, 15, 69, 2.1’27,15.139,-4
Lys1macl1uml47 15 mag464s5, 92695 95, 3, 97, 6. 10411161611156145, 1953,
1,48 14159191166164510241714105710710. 7,155,’.’,1,170 2’·
202, 28 21,19,4201122 11910. 11916. 29413 ¹ ’ .
Lysim41chusl47,496· 91, 28. 29, ’.11 42, 1289 ¹ male 2514 5391
148, 5, 8.131,12. 56’ , magnos 13311 247, 21. 252, 1 ¹
152, 16, 23. 153, 4. 1112ng abl. 1, 6,9. 195 magnum 616.68,ιιι11111116666,11,6
1542158 91421 6111117 42911 22.,,14018184191161611792 .
¹. ’ ’ 616616166231, 13 281, 8999, 10297, 1111666170, 10
. M ’ ‘¹ magistratibus98, 17. 3 ¹. 11111160, 24’ 80,
d “ ’5 39, 14. 42, 95. 184, 61162111111166872118901474 4568. 158, 21177, ’
”1177 1812111. ’1328 ma231146454611116991, 23 320, 20, 32911 1116116116 56, 31 ¹.
10. 161, 2. 222, 3, 7. magistratus plur. ’113, mago ’15, 17. 16, 6, 7 malint 155, ’27
234, 8, ’20 ’ 2 186 17. 321, 11, M'ag 0168, 15. 1⁹64, 2. 06611647, 94. 48, 7. 57 ’
Macedones 103, 4. creatur 1998 1’71,19172,1 91 81,13.174,.8’,
107, 13, 26 12414 magistu 156, 27 magorum 17, 12. 125, 192, 15
1295’143,19144616616116610013 9 ¹ π’ ·’ 6111117 1415112
19 ι mag 6161417, 8,,63 14116616192.. 11611693, 7. 152, 12 ’
Macedoniam, 11. 76, 68, 13. 74, 11, ”1’,5 1111161161»61111111616616
8125 217 29 17 98 81, l. 95, 3.,11161611613419168 ¹180,15
66 1 16 66..16661616161661 1
1117412 ¹ 245, 2, 293, 15 maje'sta'te 41, 4. 89, malorum 79 16·
Μ6661111116773,2,3674,6111116666716. 70, 8. 14 149, 20.243,11621111111112815,,282
77, 16. 78, 23, 24 magnam 5920.106,166]661616111617139 116111616280, 16·
80, 5. 81, 18 82, 7255, 49861, 19 13. 147, 4?- 187, 2 116161111193, 16
29. 85, 21 ¹ magnas6, 8. 6919* 2191328414 11116111111616
Macedoniam 25, 22. 1394 186, 4. ’1546 166666161112, 1. 95,,2 1161111153, 11. 3285
78, 29 83, 3. 85, 13. ’1897 170, 11. 101, 25 300 11 66611161276,154,’.2
25· 115, 5, 281841 255, 19. 3195 1116]66161642159.1892.2’08,8.225,’

 

