’ ’1111881 vrnsonuna

808,18.917,18.geri.986,7. 25. 2652 trepidaturi 8111111914
218,19.234,11,15.118611ο 12, 20 78, 2. transfoderet 16 16 trepidartre 194, ta
intutum 247, 20 15817172,11.1181181111ςπςοη.’17,16 8888

161685081011118·1931911666 11868184882442 trepidi plur. 84, 23 · ’

titiam 66118111 12511111111111569 transfugere 187, 15 131, 2205, 15. 258, 11

12 1181111119, 35. 87, 1. transierant 2187 trepidis 221 19
tractabant 24 4 49, 8. 131, 21 135, transiere 134, 20 11181188783
¹ 6111165192, 31 ’26.140,·.3 161, 10 1188811166, 19 118111111111140. 11. aaut
tralc2tantiquelanant7, 112, ,8 313, 9817, ,1111189118 17⁹ 42816421. 11111611182154 21 37,
1188111186, 1. 17,15 traditus est 1616 302, 19 tres 77 11. 90, 19 93, ’
,114818181276 22 traductum 82911 transiret6‚ 6.,825 15.127,11.137.4.
tractant 190 21 traductusque perora 88,29.114,15 129 20 287 6 3288
tractata 155, 3 civitatum 266, 12 transisse 124, 9. 3261 tri-a 62, 3. 182, 10. 122,
tractaveramus 2 tradunt 168, 9. 193111851118127 2299, 6 ·
tractavit 243, 19 24. 212, 3. 217, 17 transitione 1584215 7116111118, 20
tractumst, 21 24ος 3 264, 19 19 Τ1·1111111197,8””
tractus gen 76, 7. truduntur 13219184 transitionem, 22 71161115116209,7

1111111111. 176,6 84. 3084 f transitis 35441111. 11161181811112642
1156861141, 21 tragaediorutn 479 28219 ,, ,Ι tribuerunt 503 25
tradat 143, 5 tragicorum 156, 23 transitu 13, 4. 91,6.· 11161111811123 50 198 ,13
tradendq158, 15 trahat 98 21 · 91, 15 247, 8 tribunatus 13213231
11868116116177, 23 118186881426115, 13 transitum 37, 10, 50, 24 ·

6168111625 araneus 99219 18 88 81 118, 18. 118..1.181,18.,11118- ’

tradentes 165, 5 290, 2 trahentis 21, 3 227, 17. 229, 6. 806, tribus 45191785,
tradentibus 10415 traheret 298 ‘¹ 17 ’ ,. 1568. ’282,5,29054
115681851332, 2411111111 50,8 99, 16. transiturusl'ue'rltl98, tributa 15 10. 56, 20. ’ ’
27363266 “’ 1666 7 18211 .
traderent 61, 19 trajecisse 180, 13 translata 160, 8320,1116111’81181181111. 11, 4.’
traderentur 144, 4. 118188188812296 23. foret 572 192, 20. guen 248, 5“
223, 6 111188113714.165,411511811111111 152 14 1111881116εὸ0, 17 ·
traderet 156 15. 244,2 173, 4. 196, 15 1181811118408 11613 tributi 12, 35
tradi 46 813128 traJectis 18, 6· translato 79 7, 170, 8111611823, 28, 129, 11,
tradiderant 97 18 tra eeturunt 2295 translatum ’17,’.8 48. 2483 ,
1116168181158,13222 trajectus 122, 16 1288881535.881111611111154,16 ’

11. 225, 7 250, 5. traJtcere 198 13 228 299,7 tributum est 2816 9- ’

278, 11. 279, 25 4 translaturus 227‚18· tricena 129,11
1181681816,16.184,111,·ῐ81 197, 1 transmisit 278 17 Tridentum tant

22 681181861811124314 transponere 198 16 triduo 5319
tradiderint 204, 22 traJicientibus 243, 8 transposJJissesslt, 14 triduum 113, 21
tradidttunt 61, 21. traJJcJt 41 23. 83, 27 transtulere 3065 triennio 78, 21. 78, 7,’

118,15 trajiciunt 855. 197 89 transtulerint 191, 14 202, 80

tradidisse187,7 tramite 3271 transtulerit 143, 6. triennurnt1511·189‚ ¹ ’

1111616118, 13. 9, 16. tramites 289, 4 32910 , 11

10, 10 12, 23 116 tranquillissimo 298 8transtul6runt 251 8 trigesimum 12619 .

812813 127, 3118118125, 9 transtulissent 52 25. 1114181813903317,

144, 8 160,6‚10.transalpitiae Gallia 57, 20. ’8288 211622. 100,7,

1664185, 2 212, 282, 2 ¹ transtulisset 252 19 106, 25. 108, 11·. J

1522415268101181188811611102,9118118111111878 ’ 118,17 127, 13,

279, 12 ·. 204, 1. 276, 26. transvecti fuste 284, 191, 29. 256, 7. 276,
traditu, 9 32, 23. 8¹9,transeuntent184,8 18 19. 311, 13, 19

11. 83, 885, 2. 102, transeuntium 50, 15 1111181823, 3 Trinacriae 50, 19

20. 253, 7. 155, 80. 11811818181168221, 14 1181118834254, 14 trinis 299, 11

210, 28220, 8. 202, transferre 289, 25 , Ι118881111139302159231111811818828, 1

19. 280, 10. 309, 8 'transferrent 5519 trecenti180, 8 Triptolemo 27, 9 ’”
118611811878119420. transterret68, 15 1188811687,4,304,111811618111100,1

11612521824215115681811113519 19. 316,7 triremes 678 ’
traditae guen 71,1411811868118,,4 11, 11.11868816111Η31141111181811724 1233,

,sunt 189, 6 37, 29 87, 7. 269, 6 trepidare 231, 4 255, 6 .
traditam 81 20 transfertur57,7 trepidatio 22319 1611816107, 21
traditi 41111213, 11.6118618111614158,1116681151. 86 19 1111110118 126 24

lii

 

