INDEX VERBORUM.

94190, 953, 4984 castigatione 10, 91 causatus 88 9 1011111110001139, 13 ’
94 “ castigatum 9867 causis 910, 93. jus· ceperant 75 96
Οατ11103111101110151,9.0111010178, 6 tionem esse regem 0111101111 58, 95. 96, 7.
16316 170, 90. Castoris 3085 159,6 ’199, 9· 149, 98170
173,1.18591186,01’111113, 7, 8, 11.011111111111111001. 900, 994313
5. 193, 10. 197, 98. 90, 34. 98, 13. 34, 4 “ - 00110111919, 14
199,10.995.1,0 1418944,18,93’.01111111110113149 0016101171, 19
“ 969, 90. 398,,8 10 313, 4, 10. quinto cedentes 9025 1101110950 13
Carthaginiensibus57. lapide 0 0111·111 cedentibus 17 95 (100101195015 “
91641, 5170, gine statuit, Aga· cedere 94 10. 163, 4001011068, 17. 941,,7
22.173,9. 175, 1. stactes 1995 997,6 ’ 986, 97 .
, 194,29.195,6198,0111101111149,17 cederent 980 90 cepissent 177,9 '
7,¹ 1’1, 16. 991, 11. caatr1s 34 13, 17. 81, 0000101 101 18. 199, cepisset 173 6
998, 7 14103, 16. 114, 93 95.914,1 0011119913, 38, 570.
Ι(1111111111111011111181,011110111111094101100010010111100,.3 17. 93, 91. 113, 8.
6,10 15.105,1813111 cecidere 55 91. 79, 149, 13 ’
CarihaginieitsiumIOS 91, 95 7 89, 3. 100, 95. cera 39, 91, 93, 98.
9194, 93. 163, 15 0110111115 94 917 10 103,161999 186,4 y
. 164, 3.165,9, 50111111111190015 00010011197,9.199, 90011010901,9
171, 90. 179, l, 15. 0110144, 94. 69, 90. 000100111179, 16 00110100156, 93
173,7. 181, 4184, 165, 7, 173, 93 cecidisse 918 97 0010118813
14. 191, 93 199,2001111111111 397 17 cecidissent 179, 14. 0010111760
9136937, 10 230 011001111141, 95 99316 ¹ Cereris 55 3
1339193 011011110891 00010111019,7 00111161 97991 ’
Carrhag1n117317 catervas 34, 93 000111113118.81,15.001110109987 ’
, cannagenis 169130111111011101 51, 91 9649 ’ ¹ censeres36,15.193,'
187, 96. 189, 7. 5911 ¹ 000101100000,964,7 15 ¹
191,5 ’ Catiniensibus 51 26 cecinerant 78 93 0010010191, 14. 9495
Carthago 169, 4, 98. Cato 9558 00010610933, 17 cernitis 141 95
395, 91. ¹ 0010111810. ¹ cecinisse 45, 5. 101, certabat 513
0111101011147, 8 catulis 3173390 99 13 “ 001110009991.39,,9
crinibus 19, 13. 60, 97. 0110100317, 5.,399 98 cecinisset 197, 5 75, 93. 79, 4 “
158, 10 170, 1. 919, 01111111011391, 34 000101101196, 15 certamina 41,13. 75,
97 Caucasi 116, 5. 139, celandam 909, 33 19 916, 13. 994, 90.
Caspium mare,336, 16 00108110173, 16 , 317,19 . ,
91 · Caucaso 394 30 001061101111909, 91 certamine 1013. 76,
001111018911,110110114115 celebrare 99, 91 9.105,.9 196, 99 <
148,.7 144, 9. 940110110193711 0010611190, 93 certaminibus 161, 9.
145, 11 106, 8147, carendi 325, 4 celebrata est 31, 10 3041
4,,814 cavendum esse 997, celebratur 324 93 certaminis 53, 5. 14, ,
011111011090194 0011 17 90 , celebre 166 10 ,,,197,93163,9.181,
Cassandriam 9119, 95 011010113410 celebrem 1111100391, 13. 189, 19
Cassandri 144, l. 151, caveret 109, 17. 979, 93 certant 58, 17 1
1,9 153, 7 8 ’ ’ 0010111110 99. 95. 30,001111001993,11
011111010143, 5.,144 carenacum 49, 31 ' 95.97,11 148, 19100111101993, 93
6, 19, 145, 5, 9, 14. cavernis 49 4 109, 93 989, 4 certassent 178 1

1501315913 011011101970,7 0010111015614919,0011111111139,97.158, .

011111011111196,10111110111119139168 . , 5184, 5. 193, 93
103, 15. 159, 10. 0111111111, 6.35,3.,44 00110000998 «00110161384791.
16,1 9 5. 50, 6. 79, 15. 80, censentes 193, 94 31.131,10.1,”’71 1,

0111110309, 10 310,9 8 censere 53 8 191,11

Cassium 3105 cansaedntiv. 88, 96,001100101116317 ’0111110115 18. 180, 17

castella 190, 94. 191, 155, 27.nsmin.piuv. censeret 997, 6 certiorem 37, 10

1 98. 192. 4. 303, 14 1338 10111110. 155, censeri 105, 19 ’,,001110110199, 19 ’
castellorum 191,4 18 , 000111011111179,5 ’0111109718 ’

castelium 69, 937101111111135, 15. 83, 7,(10111111110901, 14 certum esse 191, 93
0140111118.1017.109,1100113138113,1ο.001031710
19614 117, 9. 1958 59, 3. 67, 9. 87, 6. cervicibus 73 93. 109, ’

01111111019396 0111111117,14.94,19.91,93.100,8,95.1599817 ’

011111013919 901, 8. 937, 5. 940. 109, 90 · 0000100397, 11 ’

0101311116918 011109781000111110181,15 cessabat 13716.1'11‚4

 

