INDEX 113118011οΜ

11111118,.,.165915 2528213 ’ 9816 97,.’27 1882191,
146,10 1111111881 1111101311,24 13. 204, 25. 205, 16
9816112856 111111110172517510 venerius, 1. 22, 17 223,12. 246, 411·
111111 70, 21. 129, 5. 226, 4. 250, 5. 251, 111111 55, 23 173, 16. 1511153, 7161111175,
·,1562 711 de1sequutum 206,14. 217,14, 27. 1111111111 69, 13

11111111116137, 20 119,,4 1111111111- 221, 15. 275, 15.1111111111175,25.11111

215,9 e 11ς11111111111111111142881529815. 55,23.170,2.ἕι11.
11111111 194,9 crati eju· 1611111111 307,8 107, 27. 174811.
111111612786 411151 quaereretur, 1111157, l 206, 24 254, 15
1111111111 109, 24 ,465111111113915 11111 10, 2 4111137, 21 1111111111 14216
&eni plur. 214, 27. 111631611941915171111119 23. 16, 14. 63, 1111111111 63 35

258,10 ’ 11111116, 6 25, 108, 4. 190, 5. victimas 170, 4
· 1111161129, 12 1111116, 7. 2886.,325 214,19.241,1 victis 12, 7. 55, 17. 63,
’111111611156173 17 7111111.300,15 111111 206 25 ’13,17. 69, 22. 795.
1111111216, 13 1116111121, 16 116111150514 88, 27 93, 9.,988

, 15116161,12.288111111351.142,1911111 6,13 70, 21. 154,16.17417.191,

‚ 20, 293, 25 111111111114136 129.’5. 156, 2 16. 192, 4. 310, 1.
111161168815 vestris dat. 34, 391111111151522315 32915 321. 24
1111016119.324,16 11114913 111111111181.1 11116122.135,1. 192,
1111111117,14.222,1111116114219 · 1111111111 196220511 101981821911.
23. 252, 19. 111111 vetabatur 29, 13 vicerat 114, 25. 276,1 241, 10. 243, 7. 246,
29415 , 1111118419 vicerint 275, 13 2. 254, 15. 255, l.
vertentes 97, 20 11111178, 24., 98, 5 - viceris 241. 9 298, 8.-14. 302, 10.
verterant 46, 21 1111111151,14 . 11111111199327, 14. ’30429
9119111149,17.115,11111·1111”11115,5. 123, 142, 26. 147, 20. victam, 11. 37, 3. 58,
35 , 21 3256 3652. 109, 17117
11111811 218 27 1111111016111123,22.116811111165,4. 163, 20.121,17.135,5.
verterent 37 6 12417 · 5 178, 24 1383154, 2156,
111141111143,7 11611161100, 13 1111190,22.114,19 25 1113420517.

’ 7111511111 150, 10. 11111198, 10. 1092611116111 23 21 · 213, 7. 21826. 254,

201,16 = 22310 1111111151 101,16. 12 284, 3. 288, 29.
1111113915 111111114714311.,1111130116 290,4.295,11.303.11
vertice 20916 2541126417 111111116111300,1 1111111196141411.
vertit 91, 15.117,17.1ο1111ε1 28, 5. 44, 27. 1111111149, 21 243, 7. 309, 19

1361314211144, 85, 14. 286, 2111111111 11916311311111111116143615.

1184, 8. 205, 20. 318, 8. 3282 11111111150,10 , 61,3. 63, 1589,Ιο

. 20815· 1111112312.2342116161111129619 1287158, 17. 174,

1111111121,25.15ο, 2668 11611151439.213,1. 4. 1921519816
9192 11. 210, 26.111111611144,,,2528225” 3264 215, 12 219 3247,
³ 2941153115 veteris 10810. 136111111011111119513 15. 2826311, 8
vertuntur 129, 811 25. 144, 21 166, 1111111111 1499 1151111122, 16. 34, 12,
58, 16 79 10 985 24. 221,1 111116168827 23812 18. 55, 21. 68, 22
10. 19. 115, 7. 11811111116111202, 13 vicisse 38, 9. 31, 18. 69, 23,75,25.80,7.
71194.124111111111119221.103, 59,.11. 299, 16. 81, 18. 82, 13. 98,
130, 6. 193, 5. 324, 32867 ’8066 = . ’ 25. 145, 4. 165, 15
· 3, 1. 11111111 26, 5.111111228,19.233,17 vicissent 73, 9 victori 12, 1. 10611.
49116, 17. 55, 7.1ε1111111119,9 21,.2. vicisset 29, 26. 64, 109, 19. 142, 23,
, 60, 2. 6219. 72, 427 20.247,19,295,3 14418
11. 77, 11 11111111111117110 vicissim 2153 111101115,7.11, 14
111111116611614 1111111161 19, 19 1111189101014112, 25, 4. 46, 6, 21. 57,
. 1111117919327101111111311. 6819 3130, 15. 314, 20, 17 5815, 2369,
vescuntur 21 16. 301, vetustissimum 89, 6 304, 20. 324, 25 2. 7210. 147, 19.
13 , 1111111111111111326, 1611111108, 21 - 163, 6· 179, 6. 304,
111611115219·111161111165,2 111114129325111. 2611111 1111516111
vespere 237 17 vexat 1892 1021513413 4111111151111111.
’1116111465 vexatarum 1577 11111 gen 103,5 11116111111611107,
111111019.16,1.48,111111 plur. 165, 8111616277, 12 28211 241111. 5,4.13, 19,
1111191144,11111.31,1511111111131131 23.,.25338,.1551,
11.1'6,24.',’.15621 3001 - 21.36,.,.184855,1, 9,,’Ἶ6916722871
196, 6.203,5 vennone 3059 1158185524.1137,19.142,29.
1111111111,11111111161111111111 69, 559, 28424 146, 21. 147,]

 

