’ 111881991881818ᾰ
«³

Ρ1111111111819132 19 2742 [181811118419 ³ 17 143,1
Phrygas 101, 21 planiciem 122, 2 [181818 102,20.125,15 Polyperchonte 145, 1
Ρ111[[11132,7, 10. planicies 206 12 [18181811293120 Ρ81961111811ι 1434
134, 24 planum 33, 10 [1111171184. 31 pompe 142 23
Phrygiam 101, 9. 102, Ρ1119198 35, 11 ,[181181118289, 15 Pompeianorum 309, 17
1 283, 3. 284, 3 Plataeenses 98, 2 poennm 108, 15. 126,7Ρ8111[1111111310, 1
Ρ111111811220, 1, 21 Ρ191911118118880, 12 poensrum 4513 Pompeii 3089
91111389, 99 1183311188, 25’ poenas 15, 5. 81, 19 9383118894399,
Ρ11[1811188,5 , [111881111023 ¹* 81,15, 24 94 18. 18, 20 · '¹
piscula89,2 [1198811112111 113, 18. 148, 2 153, Pompeium ,309, 16.
[9191683 [1188811810124 8. 171, 19. 219, 27. 322, 18
Ρ11118160, 12 plaustrum 10125 248, 1 265, 4272, Pompeius 29510.
piceis 9716 [1111914188 19 · 15. 278, 9 1186118281, 18
[11111111043.216,[11111111129,1 57, 8Poen117919. 189,21.[1811918818
17 993 42 · 155, 4, 20 192,18.195,3.228, [981111818811-
[1181911181293 [1111918385. 155, 18 17 ¹ pondere97,6.1o4,14,
pietatm 48 6. 49, 14. plebs 155 2, 28156, Poenis 189, 7. 192, 3. 207, 11. 26411
153151679170 1.,18418. 327, 24 193 7, 9, 21, 24 [181111111104233931
94 197, 9ο. 978, 9 plena sem 99, 98 210'19. 99891. 997, pondo 550, 15. 811.
pigere 1179 61188105, 21 poeniteat 2233 pondis 1298. 209,11.
[1818181423 plenus 10, 11. 1171 [1111118119 94 11 322, 14 ,,
pignoris9l4, 12 149,19 ’ poen1tentiae 11717 3181313778, 23
Ρ11ῃ113391819589212ῘΡ1ΜῊ390198 poe317ite2131i3333 118 21. ponen653131286,6l
eu ¹ onere

15. 8111881361 11611113481311, 7 [99111111194161242.6811175, 13 ⁸
giaedextmnl 11 fe plenosque 100, 12. 8290, 21 [1811111431

rendam Alexandro 126,17.131,10 peniteret 9145 , [1811810112

dane, Darium, 109, plerumque 45.12.99, poenituerat 1292 ponte 25, 19 . ’
-24 35.105,11.213 7Ρ71881811116913172ῃο11111113719·
31391817 88188199 9 14 151, 7. 1883331198 15511 18.
1111811161 18 [1111188118οῌ 2- 1318914191 1546 ·
91181111 876 plumb13963 ’ 2192, 1,3 3, 8, 11, pontibus 53 11
91111111883,12.187,’[1188168252 13 15. 1988 ,.12 227, Ρ881118286, 13

20 ’ [11111122,2334,1.47, 14. 22815 1181111132 10
91111118 29617 21. 6819223. 98, Poenos 189, 16. 191, Ponticis 25221
8111911761 11, 101, 8 ’ 7. 211, 16. 221, 10.· Pontico 974 7
Pisandrus 68, 10, 23 plures36, 19. 44, 15. 234, 15. 243, 4. 254, Pont1cum 2019. 397,5
11119168317, 8 142, 18. 182, 5. 196, 3. 329, 6 . '⁸ ’ [1811118343 5 ι
118111811437, 13 12. 2142254, 5 Poeonia74, 12 . Ρ881821, 6. 251 6-
118191811111321,23 269, 15. 300, 20 301, [1οὲ18111 45, 19 Pontum 5918411·
1188881165, 11¹ 9390, 2. 3244 poe'tis73, 16 ¹ 276, 21. 286, 27
,11311816881138888814682[13111133183167.4 [788811117417
[1818113249 “ 20515 [18111111112917 Popilium 2604

11111191882919,2-6[118111181551 pollicentes 63, 9 ,11811118 260 1, 5, 6 ’
27 ” plurimi 13:515 pollicentur 45 22 [8618111856
sistorum 989,¹ 93 plurimis 133, 3. 282, pollicetur ¹55, 16. 57, ,[8688811223, 24

4111811128, 16 9.,324 26 ’ 18488819.338131131119581
»locassent 177 14 [1181188844 26. 122, 101, 19. 105, 15. pop 8191111147. 15
1111811111 manes 169, 24 106, 7, 98. 141, 20. pop p5151551591989 ,17
25 , “ · [911111111111112117 162, 6. 22918 popularetur 20514
1191111 1305 ’ [118118 47 22 polliciti 61 1⁹5¹ pupulam nomen 155 27
›145555513518 [118822 3 80, 25, 42, pollicitus 9, 24. 76, popularibus 216, 12
1¹1 centn 916 11 13. 56, 10 59610 15. 1819615 Ι[98881911843
18111121692414 70, 15. 81, 11. 105, Polluce 178, 6 populanum75161823
4111187213 4 107, 24111, 10. Pollucis 308 6 9 21210. 314, 8 ,
¹lacuissent939, 10 137,’ 11. 188, 22. Polybius 42, 10 populatione 472459,
lacuisset166,5 202, 5. 206, 6. 207, Polydamas 194, 19 18 100, 5. 205, 4
1111111130, 16 11, 15 249, 3. 253, Polyperchon 134, 18 populationem 154, 26
1138813084 4 299, 14. 304, 9. 138, 1 populatmms 4717
lan8 897,7 309, 8 812, 20 Polyperchonta 109, populatur 59, 4. 164,
lungentium 175541105115117, 19 18135, 15. 137, 21. 52512

 

