INDEX VERBORUM.

156,18,19.180,17.1616633131 39, 2811113111131318111 1616661165,18
311,10 184, 20, 237, 9 111366311361123915161111116111111111 304,17

’ 161313829,16.31,20 161316131616188, 23 1661616113 240 93 611331111253. 2153

36,11.42,1.45,10.16131631 96, 23 149, interrogationem 105, 161113111294, 19 1

13, 33. 31, 33. 11, 31 3113, 33. 311, 31 11161133, 3ο. 331113.

3. 90, 22. 102, 23. 20327, 3 interrogeto9, 9 273,4. 303, 5

10920115,19.1613161131111112816 interrogatus 164, 16 invasurus 3193

116,6.134,19.143,161316313611194, 20. interrumpendi 37, 3 11113311 jem 319, o

1.,146 19.163,15. 261,12 1 rnterrupto 2519 1613611611284

17920173,4.184,1613161136(1627814 1613111111ο6,13 invenerant 210, 3

36. 192, 7. 193, 18. 16131631361161656,11. intervenissent 117,16 1111368166116, 13. 241,

201,18.205,9.214, 131,4 · 16131116111314625 1029828

21, 218, 21. 219, 1,161316311 13, 26, 146, 161363616196 11 'inveniebatur-219, 11

10 229, 9, 2433. 18182, 14. 184, 8161311161716112024161361136122123

292, 6. 8295 188, 15,20. 1983. 681222, 21 161361116111119, 14
1613136616161621519 217,5 , 1613111611 192 1611611312,799
interempturi 142, 1516131661161· 16 8, 28, intestini 445 161367131111.102,14.
interesse 147.14 12 30, 9. 41 11. 65, intestino 57, 14. 197, 155, 4
16131311142,6 2.69,14.111,23.-516136111688.169,17. ’
interfecerat 116,7.118,12.178,4 intimum 100 20 191,9 .

27817295,1216131631661164231616131111111129110 1613611135,10.187,8.

3082 13. 62, 153122,22.161613116111801,2 190, 5
interfecisset 64, 14. 156, 18. 165, 17 1611146185 10216336613197, 24260,
· 30493 interficiuntur 33 27 4,116,11.126,18 3
interfecit 9,16.99,16131611111·1161155,25161113111111112041 16136117, 8 8, 23 32,

11.1,1522. 153, 61613113311206 24 16111151715210,1. 28. 48, 4. 102,6

1582.811,1,17 1613113116 47 19. 48, 286, 10. 322, ο inveniunt 34 18
1613113311 este 18 4. 57, 19. 63, 2016111181661 251, 6. inveniuntur 139, 17
1613131116 24, 28. 93 78, 22 ,1 295, 7 inventa 193, 8-

9 1.. 1613316008 17. 916116111617 161361166342, 16
161316639418145 19, 6 39, 8. 46, 8,.161111111161 2047 161661166611192, 28 ,

9 .· 19 52,9 rntrrnsecns 497 invento 376, 26 ’
interfecti 118, ·1‚ 15.16131131111113,162 introducta sem 320, 8rnvent0s 1035 1
. 248, 1. 292, 7 163-16131111137220 1111161131125,6 inventum 101 17311 ,

1111133, 17 1613111114, 9 160, 12, introitum 104 27 169, 6
161666161330, 31113,11333111616331 6661611613314, 1

12 77,· ·2171, 17. 24 intuebatur 166,10 22

194, 212257321, 1111311611 499 intulerat 1544 1613616141, 11. esser ¹
· 13 interiret 93 15 16161313 699 139, 29. est 149,Ι 1.
16131133161018184,16131“116108,14.222,161111311161819154, 3262236942

16. 216, 16 225 5 19. 228, 9 283, 26 8178416163168212486.

29819 16131116629,5.307,1 161611113180,12.284, 83, 14103, 20129,
interfector-8, 2. 93, 5 interitus 914, 26 11.338,3 27.147, 3 29015.
interfectorem 30 10. intermisisse 209, 20 intulissent 44 2 30215

2791 · 16136661117810 1616111131288, 27 16 ’1311 169, 28. 210,
161361116131105, 19. intermisso 183 26 16161114,9.6,16.25,1863162041

15214 . 16131611111116125, 12 17.81,12.113,17.16163111254,9
interfectoribus 17 13 intermitteret 959 10 2381 ι16113622, 10 79,11.
interfectorum 5 intermixtis 39, 33 1631113611 183, 22 251, 6
interfectorum, 21. 161311131111103 ,13 invadendae 15510 1611362648

71,13.89, 19 131, internecivis 66111712161111136111 1511116216113161 1.,2 11. 241,

14. 144, 10177 14. 1613163111616 2154 4 ., 17.276,17

272,15.296,9 16131611611617, 3. 15, invadere 120, 1. 184, invictum 67, 15. 122,
16131133161113312614.67,22.,1886 15 20. 128, 4. 140, 10.

1 6131113112113116819161163131628184, 25410
interiectum 16116981613111311111 sagina 20,279,19.321,81663161115,18.126,

12 1113111327, 27 1611113331236,5 ·.25 211, 11. 313, 5.
161311331633313292161311131111616147,2216111111167,17.57,1. 277,18

1112127 16131113111161218, 23 210, 25267, 4.16111136131320,13
161316331379,5.;887.161311161”11479,1.189, 277, 13. 278, 81661136111163 8288

3,47 10 5 811, 11 Ι1111111111189, 6

 

