’ 199777999577977. ,-

.16. 141, 5. 1491699899 porr. 83, ausuram 179 25 ’ 71,13
775, ai. 795, 75 aa. 75 97, 777. 97, 777777 san. 755, 7977171777777777 59, 9.
214, 17.252, 19 22137, 8 147, 3 act 15622 284,16.27,04 ’
,7795757582 11 97, 18 193, 23289, 19 997977 plur 164, 14 sanitaribus 30 22
auctorem 17, 14. 35, audito part. 7, 1515, auream 92, 3. 104, 23 auxilii 39, 25151, 25.
21. 43, 17. 44, 21. 25. 30, 19. 34, 2. aureas 3255 ’ 164,5.232,21. 283,
’60,22.97,5. 188, 52, 20. 70, 11. 72, aureis 64, 14. 108, 21. 12. 291, 7. 3037 1
152623 12. 82, 4. 144, 1. 289,13 auxiliis 10, 11. 24, 24.
autore· 75, 389, 25. 162, 13. 258, 11. aureo 3228 . 33, 1. 52, 5, 20. 56,
123, 29. 155, 19. 3123 997991517.17,13 21
17(1,2.177977777771969971997206 9 99759929313 7777177774 24. 30,21.
1212, 15. 221, 7. 9971179994). 50,3 997142, 22 88, 7 97, 50, 28, 55,4
2236277,.53089971179792213221, 6103,17.104,14.797717579777521987,
17 325 12 9 129, 8. 131, 23 10.90,15.124,12.
9995716873, 15131, 99717779 31. 10, 11. 99776991518147 24 217,13
is 777 75 795 77 7 9,,7ο 757, 77 7777777995 7577717777, 9, 16,ss-
’ 208,4 2047 aurosus. 81, 8107, 2417, 23 27262.
(797751179923, 22 avectos 251 10 23. 171, 3, 207, -11 263
9757571777955,5, 179, 97579979 157, 10 9977777721,15, 99, 24. 77977176, 11 38, 15. 53,
16. 230 5292, 16 97577575 241 14 167, 6,17. 205, 21, 24. 1794
anctoritatem111,14.aves101,15- 250, 10. 322, 13, ,1951892688
135, 6. 2495 auferentes 2147 326, ’8
auctoritatis 147,3 , 9919771201, 11. 280, ausa 5, 13 ¹ 11.,
auctum 274, 10 19 99975 piro. 23 ,10
auctus 137 10. 180, aufert 1908 999151,16319118967197791282
22 276, 20 304, 27 9919799747, 21 19579177 247, 13. Babylonem 249,“ 5
23977777ἑ39222198920257.(77391ἐ97ὶ771ἑ7915ἓξ5137,ωἰυιεεεῖῗιὲἷῧΙ,5 8976715918, 11, 11. 135,
acra uea so
231, 17. ablat. 198, 21, 147, 4. 288, &comminiscar 896719918125, 2
·3 ¹ Tyriis 97717919 Di· auspicatam 1699 8967197199612, 17, ,
audacia 31 3. 14377 (197719 9957977199999975977597777916819 10, 15,106,5
audaciam 36, 15. 218, 105, 2 auspicato 5310 82, 12 Babyloniis 11, 8
12. 2562 augendum, 15 auspicatus 182, 16, 896715919911, 7132,
audax 203 17 99 575 2622 2781 29. 305, 13
8134471 14 ²¹· :3 31174777 77 uui 4774477141 4883434544 ¹
l
’ auderent 1595 augurem 1011 2173 899771978132,13
auderet 134, 10. 154, augures 79175 auspiciis 82, 20. 154, 89577199979777801, 17
23 4979975312, 19, 20 12. 156, 28. 170, 10. Bactriani 304, 14
audiebantur 173, 25 Augustos 304 2 32313 Bactrianis 11613 1
audientes 122, 20 Augustum 3102 auspicio 16, 25. 17, Β997719775797775,9256 t
audienti 11714 9717977314 18 10 3037
audientibus 97, 16 avibus 203, 15 auspicium 16, 24. 96, Bactrianos 195132,
audierint 797, 79. 777777777795, 79 77. 779, 79. 7995 n. 149, 79
30919 9717177209, 22 austeritas 260 11 Bactrianrim 2214.
audierat 10121127, avidi 2318 ausus ne es 171, 2. 29915
11. 311,4 5 9716169247, 14 est 170, 25. fuerit Bactris 304 12 ,
99815719798, 12 286, 9717199285, 10 100, 1091( 1089 Β9ο(7ο9234,1.3,04
22¹ 7771719993, l 218, 19 avum 32, 61529, 14
996197977322, 11 avita 1375 · 197,1'7 284, 16. balsamum 2718
audire 147, 26 2829717155, 14 , 32317 69767152, 8
6,8, 19 9717191812 ’ avunculo 1674 barbam 28212
77777777 775 9, 977, 9 77777 97 9.,775 75 avunculus 7975 harbaraepnr. 7797
,9971999207 24 avitos 244 13 , avunculum 91.25.69717777·9965,6
7777117156, 30 7771797774,7.198,5.16781791 69769719114,.,332017
audita& 2937, 2 244,12 ” ’ 977799, 20 17976971κῖ26, 307,2 1
92, 2 101,18. 104, 9719777301, 16 auxere 2311.317,11 barbariam 1135 1
13. naas 129, 2 9759, 20. 324 auxilia 12', 342, 6.(79769715990, 18
205, 10, 216,1sauraeptur,324,1o 48, 11. 527 14, 25, 69769715982,17209,13
26413 3115. 312, auraria 779777 83, 10 52, 2, 57, 23. 6310 barbarorum 23, 25,
8¹ ’ 997979911415 64, 16, 19 6724 203, 16

 

