1661161116166. ’

infans 61141, 15 iniustam 298, 16 8. 367,2 s initiatus 1161611116 so-
161161616323 Ι1616111111 3117, 14 1616611153, 2. 67, 4. lemnibus 1021
infantes 141, 9 16161661185196, 12 162, 12. 292, 6. 293, initii 6, 7. 26, 8
infanti 127, 24. 199, infestaverint 2682 4. 395, 25 ‘ 16111611,1.14,3.10,
18 infestiora 244, 22 1636611661376147, 10. 34, 3. 90, 18.
infantium 75, 21 infestiores 156, 10. 15. 164, 9111111111 1895196, 5- 264,
168611616317,4 ι 161, 11 ,, > 16111 16.161,11.311,15
,infantilibus 611661-1616111111161188,29 ,1616611110312149,161116166127,-10.55,4 ,
mentis ,inductus infestissimo 189,4 „ 23 initium 44, 5. 69,6,79’,.
161,8 168116116161.89,’14 ingenua 16616 ,’ 16158, 2. 245,2.
161161118,18.212816161161311, 19. ingenui 15614 ,30311
75, 6678, 19. 199, infestus 9, 15. 262, t. ingenuis 165, 25 injuria 45, 5. 47, 28,
11 287,12 -“ ingenuusnu · 64111317, 2. 328,
infantum 23, 18 1666613148 ingetebat*108,6.172, 11
1686166161272, 18 1611619610 24 ” ’ Ὶ1616111117,24.306,16.
6616111111 61161169, 10 . ingeminum 11611
infelicibus 171, 11 1666661522 ’16ς11113134 a 1636111647, 17. 89,21,
168116161653,10 infinitigen.293,18‚ Ἰ166161618662631 24. 91, 8, 171, 14,
infelicis 170, 13. 171, 166161111639, 9. 159, ingrederentur 191,2“7 Ι189, 15. 226, 13.
6. 208, 8 176222, 13. 2721? ingredi 88, 13.286-,17 258, 2. 262, 5. 306,
infelicitate 289, 10 166161111616153, 13. ingrediatur 9, 22 .· 3. 307, 15
1616116116141,2; 179, 216,2 . ingoedie'ndistti, 17 injuriasl95, 13. 232,
8.236,11,.251,3 infirmitatis 102, 17Χ ingredientem 105, 17 19
infelicium 173, 24 ’ ’ ’1116161661 98, 15 - 1611166116128, 11. 41, injuriis 246, 9. 290,12
infensus 131, 24 'inflatus 33, 8. 254, 10 5 injuriosi 171, 16
inserat 280, 9 infligerent 45, 24 ingressum 221, 16 injusti 96, 2
’ 16161·6111161168,27Ι 168666111102,11 ingressiplnr.'244‚6 injustum 3222
inferendum 90, , 14. infuequens 24, 6 161ὂ161161 66, 12. 282, innati 26, 10
242118 infulis 104, 16. 161, 1661111]611.144,16
,1616166111238 -” 1.207,19 ’ 16616116661116,”286,161166661161664, 13
infer'enti 80, 18. 300, infuscarent 123, 28 13 innocentior 94, 23
“ 61 ·' ‘ ’ 166116116161115,27 ingressus 9,’19.15,166666616193,14
11161,,η.115,11’ 1661611117 , 1661161166.16166611111561
inferias 142, 17.,167,1113661611125,16 103, 3. est 78, 21. innoxia 249, 17
= 1111615 · ingenia 1611115. 111, 13. 16,1·1161,161111111,11 “
11111616161111. 161, 16. 111, 1116. 11 1,,,0161111111131
162, 7.,163,’ 2. 213, 325, 3 1611111111, Asin. Ptolo· 16661111196,25.272,17
6. 327, 12 ‘ i 66115213. 66, 1.. 6161112198 innoxio 98,8 1
, inferiorem 68, 2. 293, 11183, 16, 9213. 166, inhibite tentos 35, 5 11166111116198,15.117,11
19 ,ζ 142 ·¹ injecit45‚28 16666611631,10
inferiores5n,28 166661112112 161161616841 inope 1862628117
inferioribus 80,6 16666161632. ,166161611618212 1666612220142, 11
1111611634,29.55,11. 2169,26239,16.16,116616209,15Ὶ 1116111141, 18
finnt. 86, 8158, 269,5 s - 161168617213 16661671,27.267,2ο,
’ 7. 226, 10. 266, 6. ingenium 783 22, 269, iniisse 146, 5.197,18. abiut. 37,v20, 56. 24.
1116664305, 5 unm 66161, 11, 166,
231217 ⁴ 161116110,16.52,12.1611616190,4·276,8, 26.248,4
16161161 18926. 277, 58, 7-1 9, 11, 192, inimicis 47, 9. 229, 16 inopia geri. 44, 17. 88,
9 ¹ 72076 0286,15.16116161111616657,13 18 , ,
inferri 110,3 ,3246 ¹ 16116161161297,1 1666116160,3-67,7
, infert 10, 813218, ingentem 33,Ι 2. 68, inimicorum 98, 26 inopinantes 24, 3. 29,
1. 61, 16, 11, 11. 11. 111, 111161. inimicos 661 22
143,2.215,15.218, 279, 21 ,ζ 16161661181,6 ¹ 166616161117, 14
11. 223, 7. 259, 8. iug'entes 34, 21. 114, iniquo 91,16 inopinantibus 25, 10,
1611111613 18. 111, 1.1 1111. 111,113,16.111,11 11, 16
1616111117, 15 · ingenti 23, 25. utut. inin 145, 11. 155, 11. inopinatum 129, 8
inferum uomina 109, 83, 9. 102, ¹7. 18. 252, 2. 268, 1. 277, inopinato 32, 20
18 123,8.127,14. 136, 11.310,3 ’ 6619221661,
161616616332 1. 155, 16, 193, 1. initia 19, 35411783, 293, ’6
infestat· 189,6. 2743 204, 6. 209, 10. 96, 24154, 4. 187, inordinati 273,8
161833866126Ῑῶ 276,20·281,6.292‚ 6 313, 2,6 v inquies affl5103324,96

 

