11111111111111111111. ἢ

111616, 111111111111111111111 . 11111611113,18.47,18. 217, 14 .
26. 31, 4. 98, 19 1111111213 923315425158,11111111182, 28. 175,
1111111117,23.31,6.38,1116119,5 · Ι242198 = 918323. 221,17,

, 14. 56, 10, 60,8 11111118, 7132319 ultor 81, 21. 82, 25. 19. 247, 12. 276, 23.
virtute 6,11,111111111111611111, 111. 111. 166, 11. 11111 .
17,3,18. 23, 20. 2.179,’17.1184,25., 251,1.306,15 11111111111111867127,
24, 20. 23. 13. 30, 267,13.273, 17 1111611111 821214, 25, 27. 25611. 257,
16.31,1· vitiis 92, 29. 114, 25. 1730919 5 ’
11111111112,10.17,·,185,14.225,4 111611115215 universas 191, 25. 244,
5. 31, 14. 37, 6. (19.111111111169, 17 ultoribus 31,-19. 94, 2
3. 13, 29. 96, 1111111111 1011111111, 17 universi gen„ 118, 3.
156, 26 7 . 174, 18. 237, 3 ,1111011116212 225,1,,61111·.124, 15
virtutibus 19, 6. 40, 280, 2. 303, 2. 320, ultra 26, 6. 161. 158, 1111111118 22,15.66,20.
111. 11111111. 11 · 1. 16131 ,. 11111111, 11.
1111 vivo 111111. 111,111111111,16.111,3 111, 11. 111, 16.
1111111111. 1111. 1611 11111111111111, 1111,-ι ’·· .
111611,1.11,1.111111161,1.115,16 11111111, 19 111111111111 =
11, 11111 1116,111111111111111111111111 universarum 111, 111 1
virtutum 61, 11. 11, 611.11,1.91,16.11111111,11.111111, 131, 1, 11111, 11.
1.179,13 97,13 20 , ‹ 148,21.207,17. ’
11111117,14.8,2.47,1111111174,18 . 111111111111111173118 ὐ11111111158,8.118,5 ,
8. 78, 23. 127, 4 111116118115 ululatu 197, 21 1111111111111117, 26. 69,
111, 11. 111, 1111111111 1111111111.. 1111. 16. no, 11. 111, 1.
23814 111’1111111111111184,14 173, 24 239, 17. 2581110
1111111111.88,17.122,111111611111329,1 111161125515, , 11111111111,

, 7 12619197, 4.111111611611111139,25 1111181156,18 1111111εῷ,15.83,·5.87,
301, 4. 11111 1111111·- 1111111311747, 19. 1111111111 42512915. 7. 113, 4. 147, 13.

(1111χ 111 ingens in 90, 4. 149, 9. 215, 11111.[11111.67,15 28213. 286, 26
1211αηὶ13246 16 ᾖ 11111142,23.227,15 11111121,6.36, 71424.
1111111144,17.111111.111111111111,10,10 1111111153,,19.116,1.- 5811. 78, 23, 301 ’
1111611121111116 1113111. 11111111111111116111 11, 6. 1ο, 8.
¹ 14. est 114,11. 1161112, 1711111210, 6.191,1, ⁴ 82‚.15.98,.1?'.11⁵,

111, 11. 111116 ι. 1111113 . 6111111111 1111111 ,-
visam 161, 11. esse 1111111111111, 1 undarum 411318 1611116,11.17,1.41,,
106,17 1111112917 · 1111111150,5.327,3. 13. 14. 1. 73, 7. 75, ,
,11161111423136211111119325, , 111111123,19.38,’4.48. 779, 10. 85, 2, 20 1
ῚΙ1111111111111222,23 1111101211113. 3. 58, 15.73,4.98,1111111’17, 11. 98, 11. i
1111111111, 11 111, 11. 116, 1. ,1ο ¹ ε · 11111111, 6111, 1
111111111103,19 196, 8.311,1 undecies 306, 21 3
visentes 73, 17 111111111 72, 20. 32611 11111161111124,17.161,1111111 142, 10, 16
· visi 21, 4111111723 ulta est 216,,7 12172, 12. 245, 3 1611611101, 33
111117,11 . 1111111011132, 13 11111111111110,11. 64,νοα16111311,8
11111111177,2 ultima (1111. 127, 16. ,16.70, 12. 12214 vocabulo 251,13.229,3
11161101 169, 24, 111111. 71111.11111111111111111324,16161111111156, 19
visum 111111. 11, 2. 14216 1116114111 1·116111119,4-’165,1.1
149, 2 ultimam 21, 2118, 5. unguenta 89, 9 vocantem 131, 6
visum 212, 21. est 31910 ungula 126,st vocarent 169,.24 1
135, 21.140,7. 151, ultimis 116, 2. 124, 111116, 1. 62, 3 vocaretur 57, 4. «146,
, ,1. 1111111113 1111111 11111111. 11115 15 ι’
χ11111111111206,16.231,11111111ο105,13.118,171111111111872162 1111111134, 23188, ,
1111111 6111111161111111116111,11 - 16111111 3
1111111177,22 11111111,1111155,21.158,1111111111109,24. 1111111142. 116,16, 1
visus 7, 7. 66, 1. est 7. 32717 ’ unicus 160,13 123,16.152,4.156, 1
38, 7. 198, 15,18 ultio47,22 1111111111611.20·,6 24 18228. 281,Ῑο ’
1111 11, 14. 75, 9. 169, ultione 281, 19. 295, universa sem. 6,.7. 58, 1611111111. 44, 16 51,
20.175,1.11111ὶο1 10 9.72,6. 153, 81151. 15 Ν
.160,18.611.178, 14 1116011111 8, 18, 9, 15. 12, 2. 46, 1113111111 11111. 152, 19,
ν’1115111111,Οέ,416533151 1311815, 8166ἰιη1611211ἥέ11. 11, 6.1181151111,1.111,11
1111111110,6.11,15,22, 1111111192, 10 97,17.135,7.161.-2111,21 ,
15. 43, 1οι 92, 9 ultioni 26412 90, 8. 288, 18. 1111116111161 131, 8. 176, 8

 

