INDEX vttltssonuot.

, .
11 ’ s 1111 . 111, 1.,111111111111111111111 ³
11111111111111111343611111111993 69114. 130, 34 1611111111111111136,30Ι i

17 1111111113,11138111111111114 = 1111111331 .
611161138914 315, 4 , 611111133613 1111111133, 19 ‘A ¹
6111111389, 13 111 61111111 33 13, 30, 30 duplicis 137, 30. 171, edituros 131, 11 ”

. 300,7 380, ,1 17 3343931640, 13 16111111131,8
8111111117711 4.14,18.45,17 8111111111111771111111111716 ’ ,
donavit 103, 1. 318, 6111111113, 31.31,17. 331, 30 edocto 1495

14 ῃ 58, 6.,9 16. 13913. durabat 37710 edomitam 1111 31, 16
donec 50, 8. 118, 3 371, 4 1111111511,11111111111576171

1331514119 61111111333 61111143, ’11 15
6111111746,35161961111111161 6103, 4611118611 34 ,30 16111161160,14

300, 7 (1111111191237519 1111111154 161111133838
dono 48 3. 337, 13 6111111951,1.394,8.6111111188,5 1611111139,18
(11111111491. 343, 33317 duritiae 196,7 educatio 19911

13 moeret 30, 36. 315, 6111111111111316 316111819833
1111111111153, 17 1.,3088 dux 37, 34. 39, 39.1611111119,3
Βο1111111138,15,13611111111381338, 30, 31. 33, 1. 311611111163, 1
61111116116311 1447, 7, 70, 8. 73, -.31 39, 39. 4436 16111113843
6111111141, 10 17 75, 3.·90,18. 53,1655,3 161111111379,3,315 ,7
dormientem 149, 33 140,11 . 611111115318 18111111394, 30
60111111111517 6111111111 59,17.(1111111115515 1171111813
6111132116 230,- 3 duxerunt2'58, 18 18111125 6
6116111168, 11. 394, duci verbum 70, 7611111381, 13 1811111111124, 7. 57, ¹

13 1 · 317,15 duxisse 333 30 3373,19.169,1
6111111111111111111111611116113711.18.43,6111111100, 11. 1195 1111111307, 3

1113, 33 1511711119,11111111,1.11-11111131411
611148, 13 1 11111390, 31 1111161179, 31 ’
dotem 38814 ducis 11111111. 38, 13., 1811111111111111111113,
dotibus 124, 33 45, 7 47,17. 53, Ε. - 10
dotis 43, 13 36. 69, 10, 30 effoeminatae 71, 33
171111113318 6111111631.79,13,11111611130, 16. 3111111111 1111111184, 30
1111111111 1164 133,.1 143, 31, 144, 11. 63, 35. 86, 13. 16161111305, 10
1111111113111111111341, 35 167,13 1 181611113387 ’

16 611111 183, 39 11111386, 33 1811611138
6111611131,15.114,61111134717 1111111143,16.886,3 161611138417. 387,3 -

16 307, 33 6116111194, 13 earundem 191, 19 18191111131710 , ⁴
61111 33, 19 31, 3, 9611111111 531567, 13111 76, 11. 154, 1311111161111173, 15

103,18.137,19 68, 14. 97, 31. 103, 305, 33 18111658· 7. 303, 34
6111111137, 33. 303, 9 139, 33 1116111133, 31. 75,3 1111116347, 13

6 6111111169,17.117,11. eatenus 56, 33 1111111111 4111111136
111131111111,1111111113 11111111, 22. 11 , ¹

3 6111111111 44, 39 1611111111 13, 14. 7611511111 304 13 '
11111173111156116111111115911115, 10 egeat 343, 33. 303, 16
6111111160,18.96,9. 1115116019 ebrietatis 93 1. 135, egentem 199 16

103, 19 61111611111159, 14 19 “ 11111111557
11116111 343, 4 6111111338 1161111817 egerat 117, 30
6111111183, 11 dulciss, 37 Ecbatanat’u, 6 1 1111187, 19 305, 33
dubios 106, 36138361111111166 47, 6 161111 131, 36 egeret 337 4 ’”
6161116111310, 1 611111111914 1611113336 egerunt 63 19. 16915 -
6161111138118 6111331 43, 4, 81611116317169101ς111111111149, 13
6161111111111. 183 7 53, 15. 73, 6. 83, 13 387, 34 egestate 197, 35
dubium 90, 14 386, 6111611134, 33 47, 5, 1111116111 17318 egissent 39, 34

30 53,31.61,17.10716161111111041 1711111131, ’11. 180, 8
dubiomeonsiliixerx· 331 16161111116, 16 , 35311 ·*

111136, 33 6616111119916 11116115,14.31,191111103139143,
(1111111139, 35. 91, 1161161111111333, 33 113, 3355, 13 347818. 304, 34 -
1111111111111111111161111111191, 1 111, 11611111111111111 341, 3 ego 143, 6,16.171,10

61116111331, 33 131, 4333, 9308116113 3453 e 1116111139315
11111383. 40, 5. 67, 11. 315, 15 161111113018 egredientes 173 31

19 69, 13. 71, 19 611116, 19. 16,4 431611111111111130, 14 egcedtuntursso, 34

 

