INDEX VERBORUM.

militibus 28, 7. 45, 01011110 8, 1827815 miserantium 62, 23 18312. 217, 7. 261,
2863, 8. 66 9 87, ministros 16718167, miseras 110111. 62,12, 4282 23
23,108,11’109,.7 118421 17416. 208,8’ 1011101058 10. 134,.2
111, 17 01011100684162011111135,6.127,163,18.239,17,

10111111 31, 9. 564. 24. 196, 15. 248, 11 242, 11
72,11 Μ111’1111]1124,20. 114, 0110011321 10 0111011169, 25

1111110033,Ι 15. 4118 7 . 1011011110 75 26 01110101258, 3
44. 13, 4620. 67, Minois 17914 010111100030710.0111111110115,28.,229
17. 68 14, 26 minor 132, 10. 153, 326, 20 17

0111117, 4 22. 35. 30, 15. 242, 17 271, 9. miseratus 2246 011101 154,19.160,
23 31, 4. 33, 3. 289, 21. 295, 21.01151045,,1951, 26 16. 309, 11. erat ’
124, 11. 13316, 30432. 323,5 53, 2 63, 20. 67, 242, 2. esset 239,
1905 ,, 01001034,8.191,19. 12217, 11 16. ’fuerat 170, 23

1011111113, 23 30 24. 215, 25 254 1295011016 vitam exhi· 193, 21
31,17 32,29,61·1.17”’ 1100110104, 21 0111028915
35,7. 3625 6231010010056, 8. 10101101110111110 52 10 Mithridate 155,11,
65,3 ..67 3. 71, 24 10112, 8 115, 6011111001611 abl. 8, 276,4. 279, 14. 394,
797..88,1690,16, 202192925911 24 63 27. 94, 23 5
011.“ ’2116729458 15617.161,8220,Μ11111161100155, 14,

1011111101 15, 18. 2,5 minores 162 9. 279, 8.111111.289,15.01 297,5
20. 30, 23. 33,1,5 5 “ perfidis 10 eo ,01010001025500

· 21. 102 23 24 106, minori 132 6. 224,,9 ,0116111010 101011· 277, 5142781,

' 16 6111094121 26272653 110 7109221 11, 279,3,15,18,
16,17 minoribus 261, 13 misericordis: 166, 3. 23. 280, 6, 17, 20
’0111111034 15. 88, 1 1010011111, 14147,2 395,5 Mithri 11 155, 15.
113,17.116,’12’.0111001111306,3 01011006110528. 274, .,.2788 279,

124. 2513319 minueremus 866 78, 16. 83, 5161, 27.’280,19.283,13’,

11100222, 23 0100110611η2455 1517052189 3⁰4,ss

1411001210, 25 ¹minus 10, 14.12,1.0110111171,12 Mithridatico 308, 9.

Μ1111161130, 25 19, 3. 36, 20 48, 0110110132, 14 309, 18 399 19

Μ1111161140,5 ’ 10. 56, 15. 58, 11. miserior 323 6 Mithridatis 28913,

minabatur 84 25 6,3 30. 77, 14. 79, 011101101εο 61 1 ·,268 1

0101100109, 15 1085,12.91,1.0111011162,16.63,281111111661

1ῃίῃωί22227. 100, 23 105,1 85, 81173, 24 0111190605 130 241 1

0101117915 mira sem. 58, ’1590011000οι171,3,1610111911101240,1

minaretur 105,1 2.,189 25, 061304, miseros 1423 1000111128317

1100111244, 20 . 1 . 0111111οπ00. 98,1 0111906152, 16. 167,

011111 2151 “ mirabantur 107 15 011111101061411εἰ

· minatur 1563 0111011073, 4 ’, misertus 1481 mungatusegt 9125

Μ10611015716 01101 0111049, 15. 1111141001195,4.196,1011ιο12871711016.

01000107221, 13, 20 ι9011119, 16 27. 209, 8 · 711111, 14

111101111127,3.’177,1111110611711137,15 misisset 39, 28, 104, mitiora 327, 2ο
4,,10 14, ’15- 207, 0111101111 58 9 24. 127, 6290, 22 0111179, 24
24322, 4’ 1011011277, 16 0111143, 2. 83, 21. 89, 1011101212, 23

1111001240 ’ 0002800 18. 104, 13 1011011103, 00 930,

01010111857· 101101015518.129,0111111151.46,.17134, 19

minimo 153, 12 20 6. 166, 30.111111.·,67 mittat 210, 20

minimum 3125 01101049,14.299,9 ,3. 714 . 0111101010152, 14

0101001 2692 1111111001 01111110216.100101110011272,18

01010326,3 0110101611 1644 ¹ 0111100611 11111164, 19

minis 156,4. 163, 17. miscet 124 14 missas 32, 25 mittendi 164, 5
977,17 miscuisse 12410 101111 164122801610111010 56, 31. 168,

0101110102ὄῖ, 2. 327, 0110111218, 11.-101100 29023. 3221011001 12. 311,6
94 , 111141, 18 14419. 252, 24 0111000118311221,

ministerio 37 16. 45, miserabiles 197 23 missione 14115 81·
7.,12624.196,6 miseranda sem 85, 7 missionem 123, 22 011111000221,5

ministerium 14, 14. 93, 26 , 0111112217 76987 0111010202, 68651.
241,15 miserandum 84, 6. 23. 97, 21 101, 5. 21416 -

01011101581 147, 25. 311, 11 231, s.329,6 0111188, 11. 252, 22 ¹

0101111111126,9 miserantes 85,15011102798238,300111118,2.13,11.14,

010111111129, 20 115, 2,5217,10 0111005137,2,167,.18 8124, 21. 37,9. 57,

 

