l.

INDEX ΜΕΒΒΟΒῸΜ..

ὶ ι
ι ¹¹·
y η’* n ‘a ’θ’ 'kx‘

, , ¹, ,1,’,641166116163,18 1411666116 2138 84161648666314,3
· 8618, 1.. “ 61111114 155 84. 183,461111666611616868 7 Saturniam, 4
1161116115, 27 156, 6616664161616 208 11 8416116116 314 5
Sabbatum 8704 · 18894 95 ¹ 86161666114614016.8.41111·116314,6 ,
8461668184. 64111146368018388 150,8 Satura114313,9
8411161176, 7 6111111116 994, 85 646648, 15 ·84111166155, 34,
8466161616 8855 6411164916 4464616416 8888 646614111170,9
sacer396‚5 6114461614, ingenia 646616661883.13,6.1116119071’3
sacerdos 168, 6, 7 888171 85. 14, 8. 81,15,164661111“·661208,4
870,1,0 3163 sa 4616611116 15, 14 25 1365131,14’.64116166131.15 908 1,,
61161666611116 6616166114196 142st 4.,1705 91946417
sacerdotes 877 11 84 g111094, 18 6464616616 1868804, 64661116 804 99χ7 ⁶⁴*-
646616611167,4 sagina 1161, 859, 11. 84 8411171161έηί1, 44617. ¹
4466166111 168,10. 88656163178864116616169488107, 251,6 ¹ .
171,1 ’ ¹ 44316416 1831 81,88188151866461119, 18. 2066
’646616611694 13 aagitta 79, 801161. 30 6411163488 ’1
646616616655,8 1284 , 64641114 14816 6111611920 806 7,

64614111541828189, 644111661611778 546146687815 17 818, 18. 899, 4 ,

8171980269, 1644416416300, 19 646114638417 6111616119, 16 1 “

898, 7 augia 1141616 88,, 18. 81, 6461164178, 8 6641116111 86915
6461455, 4 , 8. 88, 15 6461141661108 28 850 6646066166 807 16
6116111851 1 ¹ 6441646188, 80 9 1 1, 1 sca'ph537, 14. 8185
6461161546 8414111166 295 .. 6411111148. 17 66616141981680184.
sacramenti 15, 20. 865, Salaminam 3861946616616140, 1 808, 7 8114 8. 811, 19

1 1 8414161611 36, 8 6161166114 67, 14 1161. 666161461611111146808,
6461466616 183, 85. 8411116116 881 14 16616 3·

139, 80. 142, 7. 180, 6416 887 646161111618985. 179, 6661614166 4116461416

8116114166 190 9 64114111669816 11 . ,1 918, 18 ,
sacratae 97,Ιο saltatricis· 884, 14 sapientium 881 5 sceleratam· 9883 94, 7
646141113916 541161610910181,58466116178,6 666161·41166116116811,15
sacratos 1617 saltus 111661, 85, 5. 841646464167, 15 6661611116693, 11
6461461168019 8861538718 8410464641667,5 6661616 7811, 88, 19.
6461411187, 3. 870, 5 5419581617 8111111614 178, 10 83,16.146,19.’170,

. 5661111194 6416611116884, 15 8411116116 125 1, 178, 3,’7·.,.8155’849, 17

646116616448178, 8441161073 1, 788618 1166161141, 13, 18416.
sacrilegia 1411. 948, 6 641166 fore 148114 Sardiniam 170,8. 190, 275, 4
sacrilegii 15, 3. 81,.141614611111816 17 6661611677, 85. 88, 10
15, 80 82,’1,19,85’6411114111105,18 5416161546 9418. 151, 8. 893,
6661116616886298, 15 5416146161881, 88 86164146880, 91 84
sacrilegiorum 89, ’86 6416141·.6116111611807,8641111661428, 10 6161611116 42, 84. 78,
sacrilegiam 31,106416141166116118,136414901,10 ’.15 98, 8. 15813.
889, 11. 850, 15. 641616116616147 81 441611116117,5.18’8,3 819, 87 '
193} 11 641111411661111 44, 88 satellites 130, 83 153. 6661661416 v101emiae
646114 111611. 89, 18. salutaverat 96 23 17 . ι1111116111872, 18 “
168, 5 870, 10’ salutavere ,108 10 64161111111116 111, 18.666166111686,3. 28185
64611688 24 641614161111116, 96 18814. 156, 68. 66616621, 14. 78, 25.
sacro .116, 15 salute 88 15. 45 88 228, 88 , 167,10.184,81,85.
sacrorum 66 19 108, salutem 35 16 20 60 sa 61111661 89, 6. 69, 2171118684

· 1. 179, 2 8.,139 83. 149, 81. 3.180,4.124,18.66611.1167317

64616661614166119,8 1941581918 148,11 scenas 989
6461616803, 14 6111611108, 8. 128, 17. satia 16, 6466111116 666616611116889, 84
616669, 14 93 4.,188 187. 91. 823, 14 6666161116614,1 6666111614 3,187

6. 8110, 6 803, 26416116 57 5. 139, 97 641141116117,7 1 sciant 3419 1946.

853, 9. 300, 25: 3'21, 140, 8, 15. 141, 6. 6411687, 9 888, 30

85 884, 88 154, 17. 811, 5 6111166116 19,1,3‚'''7 1· 5611119611
55611 1116 193, 8 240, 6411666666181, 15 992118510195166161146156 7.,61 11

10 276 5 317,4 8461117910 64116146166111161Ἶ94811 8868 ’
6461416814, 10 841661166”176,7 64116111161611616 148 7116161141 947, 19 .
saeviat 294⁹ 97 Samnitium 168, 8 641161461116166661818, sciente 190, 15. 876, 84
6161161141 954 8466161461416808,6. 7 66116166325,4
4411116115, 19 259, 3 , 641616118416 6614611460,11.78,4.

 

